Model generated using Paul Merrell's model synthesis algorithm.  Do not insert or delete lines from this file.

x, y, and z extents
40 40 1

 0 21  0 30 20 25 25 30 30 30  0 30 30 20 20 20 20 25 20 20 30 20 20 20 20 25 25 25 25 25 20 25 25 25 20 25 30 30 20 20 
25 30 20 30  0  0  0 20 30  0 25 30 30  0  0  0  0  0  0  0 21  0  0  0  0 30  0  0 30 30  0 30  0  0  0  0 21  0  0  0 
30  0  0 21  0  0  0  0 21  0 30 30 30  0  0 20 20 20 25 25 30 20 20 25 25 20 20 20 30 30  0 30 20 25 20 20 30  0  0 20 
25 20 20 30 20 25 25 20 30  0 30  0 21  0  0  0  0  0 30  0 21  0  0  0  0  0  0  0 25 25 20 30  0  0  0  0  0  0  0  0 
30  0  0 21  0  0 30  0  0 25 20 25 30  0  0 25 25 25 25 25 30  0  0  0 25 25 20 20 30  0  0 21  0 25 25 20 20 20 25 20 
21  0 20 30 20 20 25 25 25 30  0  0  0 25 20 30  0 30  0  0 30  0 25 20 30 30  0  0 25 25 20 30 20 30 30  0  0  0 30  0 
30  0  0 30  0  0 30 30 30 20 20 20 25 30  0 25 25 20 25 25 30 20 30  0 25 30  0 20 30  0  0 30  0 25 20 20 20 20 25 25 
21  0 20 20 20 25 20 20 30  0  0  0 30 30  0 30  0  0 30 30 30  0  0 25 30  0  0  0 20 20 25 25 25 30  0  0  0  0 30  0 
30  0  0  0  0 30  0  0 30  0 25 20 25 30 20 25 25 25 20 25 20 25 25 30  0  0  0  0  0  0 30 30 30 30  0  0 25 25 20 20 
 0 20 20 20 20 25 25 25 25 25 30  0  0 21  0  0  0 30  0  0  0  0 30  0  0  0 25 20 20 25 30 30 30 20 20 25 30 30  0  0 
 0  0  0  0  0  0  0  0 30  0  0  0 25 30  0  0 20 30  0 20 25 25 25 25 25 20 30  0  0 30 20 20 30  0  0 30 20 30  0 25 
20 25 25 20 20 20 20 20 20 25 25 20 30 30  0  0  0 30  0  0 30 30  0 30 30  0  0 20 25 30  0  0 30 20 20 30  0 25 20 30 
 0 30 30  0  0  0  0  0  0 30 30  0 20 25 20 25 20 25 20 25 20 20 20 20 30  0  0  0  0 25 25 25 30  0  0 25 20 30  0 21 
25 25 25 25 20 20 20 20 25 20 30  0  0  0  0  0  0  0  0 30  0  0  0  0 21  0 25 25 20 30  0 30 20 20 25 30  0 20 20 30 
30 30 30 30  0  0  0  0  0  0 20 25 25 25 25 20 20 20 25 30  0 20 20 25 30 20 30  0  0  0  0  0  0  0  0 30  0  0  0 25 
25 20 30 30  0  0  0  0  0  0  0 30 30 30 30  0  0  0  0 30  0  0  0 30  0  0 21  0 20 25 25 25 20 20 25 30 20 25 20 30 
30  0 20 20 20 25 20 20 20 20 25 30 20 30 20 25 25 25 25 20 25 20 25 25 25 25 30  0  0  0  0  0  0  0 30  0  0 30  0  0 
21  0  0  0  0 30  0  0  0  0 30  0  0  0  0 30 30  0 30  0  0  0 30  0  0 30 20 25 20 25 25 20 25 25 20 20 20 30 20 25 
30 20 20 25 20 20 25 20 20 25 20 20 20 20 25 25 25 20 20 25 25 20 25 25 25 30  0  0  0  0 30  0  0 30  0  0  0 30  0 30 
21  0  0 30  0  0 30  0  0  0  0  0  0  0  0 30 30  0  0  0 30  0  0  0  0 20 20 25 25 20 30 20 20 20 20 20 25 30  0 30 
30 20 25 30  0  0 20 25 20 20 25 20 25 25 20 25 30 20 25 25 30  0  0  0  0  0  0 30  0  0 21  0  0  0  0  0 30 30 20 20 
21  0 30 30  0  0  0 30  0  0  0  0 30 30  0  0 21  0 30 30 20 20 25 20 25 20 20 25 20 20 30  0 20 20 25 20 25 30  0  0 
30  0 20 20 25 25 25 25 25 25 25 25 30 20 20 20 30 20 25 30  0  0  0  0 30  0  0  0  0  0  0  0  0  0 30  0 30  0 25 20 
30  0  0  0  0  0 30  0 30  0  0  0  0  0  0  0 30  0  0 21  0 25 20 20 30  0 20 20 25 25 25 20 20 25 30 20 20 25 30  0 
21  0 20 25 25 20 30 20 30 20 25 20 20 20 20 25 20 25 25 30  0  0  0  0 21  0  0  0 30 30  0  0  0  0  0  0  0 30  0 20 
30  0  0  0 30  0  0  0  0  0 30  0  0  0  0  0  0  0  0  0 25 25 25 25 30 20 25 25 30 30  0 20 20 20 25 25 25 30  0  0 
25 25 20 25 25 25 25 25 20 25 25 20 20 20 20 25 25 20 25 25 30  0 30  0 21  0 30  0 21  0  0  0  0  0  0  0  0 21  0  0 
 0 30  0 30  0 30 30  0  0 30 30  0  0  0  0  0  0  0 30 30 30 20 30  0 30 20 20 25 30  0 25 20 25 20 25 20 25 30 20 25 
20 30  0 30 20 25 20 25 20 30 20 20 20 25 20 20 20 20 25 30  0  0 20 25 30  0  0  0 25 20 30  0 30  0  0  0 30 30  0 30 
 0  0 20 30  0  0  0  0  0 30  0  0  0 30  0  0  0  0 30  0  0  0  0 30  0 25 20 25 30  0  0  0 21  0  0  0 20 20 25 25 
 0  0  0 20 20 20 25 25 25 30 20 25 25 20 25 20 25 25 20 25 20 20 20 20 20 30  0  0 20 25 25 25 30  0  0  0  0  0  0  0 
 0  0  0  0  0  0  0  0 30  0  0 30  0  0  0  0  0  0  0 30  0  0  0  0  0 30  0  0  0  0 30 30 30  0 25 25 20 25 25 20 
 0 25 25 25 25 20 20 20 25 20 20 20 20 25 25 25 25 20 25 20 25 20 20 25 25 25 20 20 20 20 30 30 30 20 30  0  0  0 30  0 
20 30  0  0 30  0  0  0 30  0  0  0  0 30  0  0 30  0  0  0 30  0  0  0 30 30  0  0  0  0 30 20 30  0  0 25 20 20 20 20 
 0 25 20 20 20 20 25 20 25 20 20 25 20 20 20 25 30 20 25 20 30 20 25 25 25 25 20 25 20 20 30  0 21  0  0 30  0  0  0  0 
20 30  0  0  0  0 30  0 30  0  0  0  0  0  0  0  0  0 30  0 30  0  0  0 30 30  0 30  0  0 30 20 30  0 25 20 25 25 20 25 
 0 21  0 25 20 20 20 20 30 20 20 20 20 25 20 25 25 25 30  0 21  0 20 25 30  0  0 25 20 25 30  0 25 20 30  0 30 30  0  0 
20 30  0 30  0  0  0  0 21  0  0  0  0  0  0 30  0  0 30 20 30  0  0  0  0  0  0  0  0 30  0  0 30  0 20 25 25 30  0  0 
 0 20 20 25 25 20 25 20 30 20 20 20 20 20 20 30 20 20 30  0 25 20 20 25 25 25 20 20 20 25 20 20 30  0  0  0  0  0  0  0 
 0  0  0 30 30  0  0  0  0  0  0  0  0  0  0  0  0  0 25 25 30  0  0 30 30 30  0  0  0  0  0  0  0  0 20 25 25 20 20 25 
	
	

<Objects>
#
20
$Gate
#
21
$GateSide
#
25
$Wall
#
30
$WallSide
#
