Model generated using Paul Merrell's model synthesis algorithm.  Do not insert or delete lines from this file.

x, y, and z extents
30 40 1

 0  3  0  5  2  4  4  5  4  5  0  5  4  4  2  4  2  4  2  4  5  2  4  2  4  4  4  4  4  4  2  4  4  4  2  4  5  4  4  2 
 4  5  0  3  0  0  0  0  0  0  5  0  0  0  0  0  0  0  0  0  1  0  0  0  0  0  0  0  0  0  0  0  0  0  0  0  1  0  0  0 
 0  1  0  3  0  0  0  0  0  5  0  5  4  4  2  4  4  2  4  4  5  4  2  4  5  0  0  0  5  4  2  4  5  2  4  4  5  2  4  4 
 4  5  0  3  0  5  4  4  5  0  5  0  0  0  0  0  0  0  0  0  1  0  0  0  1  0  5  0  3  0  0  0  3  0  0  0  0  0  0  0 
 0  0  0  3  0  0  0  0  0  5  0  5  0  0  0  5  4  5  2  4  5  0  0  0  5  0  0  0  3  0  0  0  5  4  4  2  4  2  4  2 
 2  4  4  5  2  4  4  5  0  3  0  1  0  5  0  3  0  1  0  0  3  0  5  0  0  5  2  4  5  2  4  5  0  0  0  0  0  0  0  0 
 0  0  0  3  0  0  0  3  0  3  0  3  0  1  0  5  4  5  2  4  5  0  3  0  5  0  0  0  0  0  0  3  0  5  0  0  0  0  5  4 
 4  4  4  5  2  4  4  5  4  5  4  5  4  5  0  3  0  0  0  0  1  0  1  0  1  0  0  5  0  0  0  3  0  0  0  0  0  5  0  0 
 0  0  0  1  0  0  0  1  0  1  0  1  0  3  0  3  0  5  0  0  3  0  5  4  5  0  0  1  0  5  4  5  4  5  0  0  5  0  0  0 
 0  5  0  3  0  5  4  5  4  5  4  5  0  3  0  1  0  3  0  0  3  0  1  0  0  0  0  3  0  3  0  3  0  1  0  5  0  5  0  0 
 5  0  0  1  0  1  0  0  0  0  0  0  0  1  0  3  0  5  2  4  5  4  5  4  5  2  4  5  4  5  0  1  0  3  0  3  0  3  0  5 
 1  0  0  3  0  3  0  0  0  5  4  2  4  5  4  5  0  3  0  0  3  0  0  0  1  0  0  1  0  0  0  3  0  3  0  5  0  5  0  0 
 3  0  0  1  0  3  0  5  0  3  0  0  0  1  0  3  0  3  0  0  1  0  0  0  3  0  0  5  0  5  4  5  4  5  0  1  0  1  0  0 
 5  2  4  5  0  3  0  0  0  1  0  0  0  3  0  1  0  3  0  0  3  0  0  0  3  0  5  0  0  3  0  3  0  1  0  5  0  3  0  0 
 3  0  0  3  0  3  0  0  0  5  2  4  4  5  4  5  0  1  0  0  3  0  0  0  1  0  1  0  0  1  0  1  0  3  0  3  0  3  0  5 
 5  0  0  3  0  3  0  5  0  3  0  0  0  1  0  3  0  3  0  0  1  0  0  0  3  0  3  0  0  5  4  5  0  3  0  5  4  5  0  1 
 3  0  0  1  0  3  0  0  0  3  0  5  0  5  4  5  4  5  2  4  5  2  4  4  5  4  5  0  0  0  0  0  0  3  0  0  0  1  0  3 
 3  0  0  5  0  5  4  5  4  5  0  0  5  0  0  3  0  0  0  0  0  0  0  0  0  0  1  0  0  5  4  2  4  5  0  0  0  5  4  5 
 3  0  0  1  0  0  0  0  0  3  0  0  0  0  0  3  0  0  0  5  4  4  4  5  2  4  5  0  0  1  0  0  0  1  0  5  0  3  0  3 
 3  0  0  5  4  5  4  4  4  5  2  4  4  2  4  5  4  4  5  0  0  0  0  0  0  0  0  5  4  5  4  4  4  5  0  1  0  5  0  5 
 1  0  5  0  0  0  0  0  0  1  0  0  0  0  0  1  0  0  3  0  5  4  5  0  5  0  5  0  0  1  0  0  0  3  0  3  0  3  0  0 
 5  0  1  0  5  2  4  5  4  5  0  0  5  4  4  5  2  4  5  0  1  0  3  0  1  0  0  5  0  3  0  0  0  1  0  1  0  3  0  0 
 0  0  3  0  3  0  0  1  0  1  0  5  0  0  0  0  0  0  1  0  5  4  5  0  5  0  0  0  0  3  0  5  4  5  4  5  4  5  4  4 
 5  4  5  0  3  0  0  3  0  3  0  0  0  0  0  5  4  4  5  0  1  0  1  0  3  0  5  0  0  5  0  0  0  1  0  3  0  3  0  0 
 1  0  1  0  5  0  0  3  0  5  4  2  4  4  5  0  0  0  3  0  3  0  5  0  3  0  3  0  5  0  0  0  0  3  0  1  0  5  0  0 
 5  0  5  0  3  0  0  1  0  3  0  0  0  0  0  0  0  0  3  0  5  0  1  0  3  0  5  0  3  0  0  0  0  1  0  5  0  0  5  4 
 3  0  0  0  3  0  0  5  0  5  2  4  2  4  2  4  4  4  5  0  0  0  5  0  3  0  3  0  3  0  5  2  4  5  0  1  0  5  0  0 
 1  0  0  0  1  0  5  0  0  1  0  0  0  0  0  0  0  0  3  0  5  0  3  0  5  4  5  4  5  0  3  0  0  1  0  3  0  0  5  4 
 5  4  2  4  5  0  0  5  0  5  2  4  4  4  4  4  2  4  5  0  1  0  3  0  0  0  3  0  3  0  3  0  0  3  0  1  0  5  0  0 
 1  0  0  0  1  0  5  0  5  0  0  0  0  0  0  0  0  0  3  0  3  0  5  2  4  4  5  4  5  0  1  0  0  5  0  3  0  0  5  2 

<Objects>
#
1
$GateY
#
2
$GateX
#
3
$WallY
#
4
$WallX
#
5
WallCorner
#