Model generated using Paul Merrell's model synthesis algorithm.  Do not insert or delete lines from this file.

x, y, and z extents
40 40 10

10 10 10 10 10 10 10 10 10 10 10 10 10 10 10 10 10 10 10 10 10 10 10 10 10 10 10 10 10 10 10 10 10 10 10 10 10 10 10 10 
10 10 10 10 10 10 10 10 10 10 10 10 10 10 10 10 10 10 10 10 10 10 10 10 10 10 10 10 10 10 10 10 10 10 10 10 10 10 10 10 
10 10 10 10 10 10 10 10 10 10 10 10 10 10 10 10 10 10 10 10 10 10 10 10 10 10 10 10 10 10 10 10 10 10 10 10 10 10 10 10 
10 10 10 10 10 10 10 10 10 10 10 10 10 10 10 10 10 10 10 10 10 10 10 10 10 10 10 10 10 10 10 10 10 10 10 10 10 10 10 10 
10 10 10 10 10 10 10 10 10 10 10 10 10 10 10 10 10 10 10 10 10 10 10 10 10 10 10 10 10 10 10 10 10 10 10 10 10 10 10 10 
10 10 10 10 10 10 10 10 10 10 10 10 10 10 10 10 10 10 10 10 10 10 10 10 10 10 10 10 10 10 10 10 10 10 10 10 10 10 10 10 
10 10 10 10 10 10 10 10 10 10 10 10 10 10 10 10 10 10 10 10 10 10 10 10 10 10 10 10 10 10 10 10 10 10 10 10 10 10 10 10 
10 10 10 10 10 10 10 10 10 10 10 10 10 10 10 10 10 10 10 10 10 10 10 10 10 10 10 10 10 10 10 10 10 10 10 10 10 10 10 10 
10 10 10 10 10 10 10 10 10 10 10 10 10 10 10 10 10 10 10 10 10 10 10 10 10 10 10 10 10 10 10 10 10 10 10 10 10 10 10 10 
10 10 10 10 10 10 10 10 10 10 10 10 10 10 10 10 10 10 10 10 10 10 10 10 10 10 10 10 10 10 10 10 10 10 10 10 10 10 10 10 
10 10 10 10 10 10 10 10 10 10 10 10 10 10 10 10 10 10 10 10 10 10 10 10 10 10 10 10 10 10 10 10 10 10 10 10 10 10 10 10 
10 10 10 10 10 10 10 10 10 10 10 10 10 10 10 10 10 10 10 10 10 10 10 10 10 10 10 10 10 10 10 10 10 10 10 10 10 10 10 10 
10 10 10 10 10 10 10 10 10 10 10 10 10 10 10 10 10 10 10 10 10 10 10 10 10 10 10 10 10 10 10 10 10 10 10 10 10 10 10 10 
10 10 10 10 10 10 10 10 10 10 10 10 10 10 10 10 10 10 10 10 10 10 10 10 10 10 10 10 10 10 10 10 10 10 10 10 10 10 10 10 
10 10 10 10 10 10 10 10 10 10 10 10 10 10 10 10 10 10 10 10 10 10 10 10 10 10 10 10 10 10 10 10 10 10 10 10 10 10 10 10 
10 10 10 10 10 10 10 10 10 10 10 10 10 10 10 10 10 10 10 10 10 10 10 10 10 10 10 10 10 10 10 10 10 10 10 10 10 10 10 10 
10 10 10 10 10 10 10 10 10 10 10 10 10 10 10 10 10 10 10 10 10 10 10 10 10 10 10 10 10 10 10 10 10 10 10 10 10 10 10 10 
10 10 10 10 10 10 10 10 10 10 10 10 10 10 10 10 10 10 10 10 10 10 10 10 10 10 10 10 10 10 10 10 10 10 10 10 10 10 10 10 
10 10 10 10 10 10 10 10 10 10 10 10 10 10 10 10 10 10 10 10 10 10 10 10 10 10 10 10 10 10 10 10 10 10 10 10 10 10 10 10 
10 10 10 10 10 10 10 10 10 10 10 10 10 10 10 10 10 10 10 10 10 10 10 10 10 10 10 10 10 10 10 10 10 10 10 10 10 10 10 10 
10 10 10 10 10 10 10 10 10 10 10 10 10 10 10 10 10 10 10 10 10 10 10 10 10 10 10 10 10 10 10 10 10 10 10 10 10 10 10 10 
10 10 10 10 10 10 10 10 10 10 10 10 10 10 10 10 10 10 10 10 10 10 10 10 10 10 10 10 10 10 10 10 10 10 10 10 10 10 10 10 
10 10 10 10 10 10 10 10 10 10 10 10 10 10 10 10 10 10 10 10 10 10 10 10 10 10 10 10 10 10 10 10 10 10 10 10 10 10 10 10 
10 10 10 10 10 10 10 10 10 10 10 10 10 10 10 10 10 10 10 10 10 10 10 10 10 10 10 10 10 10 10 10 10 10 10 10 10 10 10 10 
10 10 10 10 10 10 10 10 10 10 10 10 10 10 10 10 10 10 10 10 10 10 10 10 10 10 10 10 10 10 10 10 10 10 10 10 10 10 10 10 
10 10 10 10 10 10 10 10 10 10 10 10 10 10 10 10 10 10 10 10 10 10 10 10 10 10 10 10 10 10 10 10 10 10 10 10 10 10 10 10 
10 10 10 10 10 10 10 10 10 10 10 10 10 10 10 10 10 10 10 10 10 10 10 10 10 10 10 10 10 10 10 10 10 10 10 10 10 10 10 10 
10 10 10 10 10 10 10 10 10 10 10 10 10 10 10 10 10 10 10 10 10 10 10 10 10 10 10 10 10 10 10 10 10 10 10 10 10 10 10 10 
10 10 10 10 10 10 10 10 10 10 10 10 10 10 10 10 10 10 10 10 10 10 10 10 10 10 10 10 10 10 10 10 10 10 10 10 10 10 10 10 
10 10 10 10 10 10 10 10 10 10 10 10 10 10 10 10 10 10 10 10 10 10 10 10 10 10 10 10 10 10 10 10 10 10 10 10 10 10 10 10 
10 10 10 10 10 10 10 10 10 10 10 10 10 10 10 10 10 10 10 10 10 10 10 10 10 10 10 10 10 10 10 10 10 10 10 10 10 10 10 10 
10 10 10 10 10 10 10 10 10 10 10 10 10 10 10 10 10 10 10 10 10 10 10 10 10 10 10 10 10 10 10 10 10 10 10 10 10 10 10 10 
10 10 10 10 10 10 10 10 10 10 10 10 10 10 10 10 10 10 10 10 10 10 10 10 10 10 10 10 10 10 10 10 10 10 10 10 10 10 10 10 
10 10 10 10 10 10 10 10 10 10 10 10 10 10 10 10 10 10 10 10 10 10 10 10 10 10 10 10 10 10 10 10 10 10 10 10 10 10 10 10 
10 10 10 10 10 10 10 10 10 10 10 10 10 10 10 10 10 10 10 10 10 10 10 10 10 10 10 10 10 10 10 10 10 10 10 10 10 10 10 10 
10 10 10 10 10 10 10 10 10 10 10 10 10 10 10 10 10 10 10 10 10 10 10 10 10 10 10 10 10 10 10 10 10 10 10 10 10 10 10 10 
10 10 10 10 10 10 10 10 10 10 10 10 10 10 10 10 10 10 10 10 10 10 10 10 10 10 10 10 10 10 10 10 10 10 10 10 10 10 10 10 
10 10 10 10 10 10 10 10 10 10 10 10 10 10 10 10 10 10 10 10 10 10 10 10 10 10 10 10 10 10 10 10 10 10 10 10 10 10 10 10 
10 10 10 10 10 10 10 10 10 10 10 10 10 10 10 10 10 10 10 10 10 10 10 10 10 10 10 10 10 10 10 10 10 10 10 10 10 10 10 10 
10 10 10 10 10 10 10 10 10 10 10 10 10 10 10 10 10 10 10 10 10 10 10 10 10 10 10 10 10 10 10 10 10 10 10 10 10 10 10 10 

15  5  5 15 15 15 15 15 15 15 15  5 15 15 15 15  5 15 15 15 15  5  5  5 15 15 15 15 15 15 15 15  5  5 15 15 15 15 15 15 
 5  5 15 15 15  5  5  5  5  5  5  5  5  5 15  5  5 15 15 15  5  5  5  5 15 15 15 15 15 15 15 15 15 15 15 15 15 15 15 15 
 5  5 15 15  5  5  5  5  5  5  5  5  5  5  5  5  5 15 15  5  5  5  5 15 15 15 15 15 15 15 15 15 15 15 15 15 15 15 15 15 
 5  5  5 15  5  5  5  5  5  5  5  5 15 15  5  5  5 15 15 15  5  5 15 15 15 15 15 15 15 15 15 15 15 15 15 15 15 15 15 15 
 5  5  5  5  5  5  5 15 15 15 15 15 15 15 15  5  5 15 15 15  5  5  5 15 15 15 15  5  5 15 15 15 15  5 15 15 15 15 15 15 
 5  5  5  5  5  5  5  5  5 15 15 15 15 15 15  5 15 15 15 15 15  5 15 15 15 15  5  5  5 15 15 15 15  5 15 15 15 15 15 15 
15  5  5  5  5  5  5  5  5  5 15 15 15 15 15 15 15 15 15 15 15 15 15 15 15 15 15  5  5  5  5  5  5  5  5 15 15 15 15 15 
15 15  5 15 15  5  5  5  5  5  5 15 15 15 15 15 15 15 15 15 15 15 15 15 15 15 15 15  5  5  5  5  5  5  5  5 15 15 15 15 
15 15 15 15 15 15  5  5  5  5 15 15 15 15 15 15 15 15 15 15 15 15 15 15 15 15 15 15  5  5  5 15 15 15  5  5 15 15 15 15 
15 15 15 15 15  5  5  5 15 15 15 15 15 15 15 15 15 15 15 15 15 15 15 15 15 15 15 15 15  5 15 15 15 15 15  5 15 15 15 15 
15 15 15 15 15 15  5 15 15 15 15 15 15 15 15 15 15 15 15 15 15 15 15 15 15 15 15 15 15 15 15 15 15 15 15 15 15 15 15 15 
15 15 15 15 15 15 15 15 15 15 15 15 15 15 15 15 15 15 15 15 15 15 15 15 15 15 15 15 15 15 15 15 15 15 15 15 15 15 15 15 
15 15 15 15 15 15 15 15 15 15 15 15 15 15 15 15 15 15 15 15 15 15 15 15 15 15 15 15 15 15 15 15 15 15 15 15 15 15 15 15 
15 15 15 15 15 15 15 15 15 15 15 15 15 15 15 15 15 15 15 15 15 15 15 15 15 15 15 15  5  5 15 15 15 15 15 15 15 15 15  5 
15 15 15 15 15 15 15 15 15 15 15 15 15 15 15 15 15 15 15 15 15 15 15 15 15 15 15 15  5  5  5 15 15 15 15 15 15 15 15  5 
15 15 15 15 15 15 15 15 15 15 15 15 15 15 15 15 15 15 15 15 15 15 15 15 15 15 15 15 15  5 15 15 15 15 15 15 15 15 15  5 
15 15 15 15 15 15 15 15 15 15 15 15 15 15 15 15 15 15 15 15 15 15 15 15 15 15 15 15 15 15 15 15 15 15 15 15 15 15 15 15 
15 15 15 15 15 15 15 15 15 15 15 15 15 15 15 15 15 15 15 15 15 15 15 15 15 15 15 15 15 15 15 15 15 15 15 15 15 15 15 15 
15 15 15 15 15 15 15 15 15 15 15 15 15 15 15 15 15 15 15 15 15 15 15 15 15 15 15 15 15 15 15 15 15 15 15 15 15 15 15 15 
15 15 15 15 15  5 15 15 15 15 15 15 15 15 15 15 15 15 15 15 15 15 15 15 15 15 15 15 15 15 15 15 15 15 15 15 15 15 15 15 
15 15 15 15 15  5 15 15 15 15 15 15 15 15 15 15 15 15 15 15 15 15 15 15 15 15 15 15 15 15 15 15 15 15 15 15 15 15 15 15 
15 15 15 15 15 15 15 15 15 15 15 15 15 15 15 15 15 15 15 15 15 15 15 15 15 15 15 15 15 15 15 15 15 15 15 15 15 15 15 15 
15 15 15 15 15 15 15 15 15 15 15 15 15 15 15 15 15 15 15 15 15 15 15 15 15 15 15 15 15 15 15 15 15 15 15 15 15 15 15 15 
15 15 15 15 15 15 15 15 15 15 15 15 15 15 15 15 15 15 15 15 15 15 15 15 15 15 15 15 15 15 15 15 15 15 15 15 15 15 15 15 
15 15 15 15 15 15 15 15 15 15  5  5 15 15 15 15 15 15 15 15 15 15 15 15 15 15 15 15 15 15 15 15 15 15 15 15 15 15 15 15 
15 15 15 15 15 15 15 15 15  5  5  5 15 15 15 15 15 15 15 15 15 15 15 15 15 15 15 15 15 15 15 15 15 15 15 15 15 15 15 15 
15 15 15 15 15 15 15 15  5  5  5  5 15 15 15 15 15 15 15  5  5  5  5  5 15 15 15 15 15 15 15 15 15 15 15 15 15 15 15 15 
15 15 15 15 15 15 15 15  5  5 15 15 15 15 15 15 15 15 15  5  5  5  5  5 15 15 15 15 15 15 15 15 15 15 15 15 15 15 15 15 
15 15 15 15 15 15 15 15  5  5 15 15 15 15 15 15 15 15 15  5  5  5  5 15 15 15 15 15 15 15 15 15 15 15 15 15 15 15 15 15 
15 15 15 15 15 15 15 15 15 15 15 15 15 15 15 15 15 15 15 15  5  5 15 15 15 15 15 15 15 15 15 15 15 15 15  5  5  5 15 15 
15 15 15 15 15 15 15 15 15 15 15 15 15 15 15 15 15 15 15 15 15 15 15 15 15 15 15 15 15 15 15 15 15 15 15 15  5  5  5 15 
15 15 15 15 15 15 15 15 15 15 15 15 15 15 15 15 15 15 15 15 15 15 15 15 15 15 15 15 15 15 15 15 15 15 15 15 15  5 15 15 
15 15 15 15 15 15 15 15 15 15 15 15 15 15 15 15 15 15 15 15 15 15 15 15 15 15 15 15 15 15 15 15 15 15 15 15 15 15 15 15 
15 15 15 15 15 15 15 15 15 15 15 15 15 15 15 15 15 15 15 15 15  5 15 15 15 15 15 15 15 15 15 15 15 15 15 15 15 15 15 15 
15 15 15 15 15 15 15 15 15 15 15 15 15 15 15 15 15 15 15 15  5  5 15 15 15 15 15 15 15 15 15 15 15 15 15 15 15 15 15 15 
15 15 15 15 15 15 15 15 15 15 15 15 15 15 15 15 15 15 15 15 15  5 15 15 15 15 15 15 15 15 15 15 15 15 15 15 15 15 15 15 
15 15 15 15 15 15 15 15 15 15 15 15 15 15 15 15 15 15 15 15 15 15 15 15 15 15 15 15 15 15 15 15 15 15 15 15 15 15 15 15 
15 15 15 15 15 15 15 15  5 15 15 15  5 15 15 15 15 15 15 15 15 15 15 15 15  5  5  5  5  5  5 15 15 15 15 15 15 15 15 15 
15 15 15 15 15 15 15 15  5  5 15  5  5 15 15 15  5 15 15 15 15 15 15 15 15  5  5  5  5 15 15 15 15 15 15 15 15 15 15 15 
15 15 15 15 15 15 15  5  5  5  5  5  5 15 15  5  5 15 15 15 15 15 15 15 15  5  5  5 15 15 15 15 15 15 15 15 15 15 15 15 

 8  0  2  5 16 11  6 13  5 15 11  6 13 16 16  8  0  2  5 16 11  6  9  0  2 16 15 15 15 15  5  8  0  2  5 15 15 15 22 25 
 8  0  2 16 11  9  0  3  6  6  9  0  3  6  6  9  0  2  5 11  9  0  0  1 14 16 15 15 15 15 15 12  4 14  5 15 15 15 15 15 
 8  0  2  5  8  0  0  0  0  0  0  0  0  0  0  0  1 14 16  8  0  0  1 14  5 16 16 16  5 15 15 15 16  5 16 15 15 15 15 15 
 9  0  2  5  8  0  1  4  4  4  4  4  4  4  7  0  2  5  5 12  7  0  2 16 15 16  5 16 16  5 15 15 16  5 15 15 15 15 15 23 
 0  0  3  6  9  0  2  5  5  5  5 16 16 16  8  0  2 15 15 15  8  0  2 15 15 15 11  6  6 13 16 16 11  6 13 16 15 15 15 27 
 0  0  0  0  0  0  3  6  6 13 15 15  5 16 12  4 14 15 15 16 12  4 14 15 15 15  8  0  0  2  5  5  8  0  2 16  5 15 15 27 
 4  7  0  1  4  7  0  0  0  3 13  5  5 16 16 15 15 15 15 15 16  5 15 15 15 15 12  7  0  3  6  6  9  0  3 13  5 15 15 22 
 5 12  4 14  5  8  0  0  0  0  2  5 16  5 15 15 15 15 15 15 15 15 15 15 15 15 15 12  7  0  0  0  0  0  0  3 13 15 15 15 
15 15 15 16  5  8  0  1  4  4 14 16  5 15 15 15 15 15 15 15 15 15 15 15 15 15 15 16  8  0  1  4  4  4  7  0  2 15 15 15 
15 15 15  5  5  8  0  2  5 16 15 16 15 15 15 15 15 15 15 15 15 15 15 15 15 15 15 15 12  4 14  5  5 16 12  4 14 16 16 15 
15 15 15 15 16 12  4 14  5  5 15 15 15 15 15 15 15 15 15 15 15 15 15 15 15 15 15 15 15  5  5 16  5  5  5 16  5 16 16 16 
15 15 15 15 15 16 16  5 16 15 15 15 15 15 15 15 15 15 15 15 15 15 15 15 15 15 15 15 16 16  5 15 15  5 15  5 16  5 16 16 
15 15 15 15 15 15 15 15 15 15 15 15 15 15 15 15 15 15 15 15 15 15 15 15 15 15 15 15 11  6 13 15 15 15 15 15 15  5 11  6 
15 15 15 15 15 15 15 15 15 15 15 15 15 15 15 15 15 15 15 15 15 15 15 15 15 15 15  5  8  0  2  5 16 15 15 15 15 16  8  0 
15 15 15 15 15 15 15 15 15 15 15 15 15 15 15 15 15 15 15 15 15 15 15 15 15 15 15  5  8  0  2 16  5 15 15 15 15 16  8  0 
15 15 15 15 15 15 15 15 15 15 15 15 15 15 15 15 15 15 15 15 15 15 15 15 15 15 15 15 12  4 14 16 16 15 15 15 15 15 12  7 
15 15 15 15 15 15 15 15 15 15 15 15 15 15 15 15 15 15 15 15 15 15 15 15 15 15 15 15 15 16 15 15 15 15 15 15 15 15 15 12 
24 15 15 15 15 15 15 15 15 15 15 15 15 15 15 15 15 15 15 15 15 15 15 15 15 15 15 15 15 15 15 15 15 15 15 15 15 15 15 15 
26 15 15 15 15  5 15 15 15 15 15 15 15 15 15 15 15 15 15 15 15 15 15 15 15 15 15 15 15 15 15 15 15 15 15 15 15 15 15 15 
26 15 15  5 11  6 13 15 15 15 15 15 15 15 15 15 15 15 15 15 15 15 15 15 15 15 15 15 15 15 15 15 15 15 15 15 15 15 15 15 
21 15 15 16  8  0  2  5 15 15 15 15 15 15 15 15 15 15 15 15 15 15 15 15 15 15 15 15 15 15 15 15 15 15 15 15 15 15 15 15 
15 15 15 15 12  4 14 16  5 15 15 15 15 15 15 15 15 15 15 15 15 15 15 15 15 15 15 15 15 15 15 15 15 15 15 15 15 15 15 15 
15 15 15 15 15 16  5 16  5 16 16 15 15 15 15 15 15 15 15 15 15 15 15 15 15 15 15 15 15 15 15 15 15 15 15 15 15 15 15 15 
15 15 15 15 15 15 15  5 16 11  6 13 15 15 15 15 15 15 15 15  5  5 15 15 15 15 15 15 15 15 15 15 15 15 15 15 15 15 15 15 
15 15 15 15 15 15 15 15  5  8  0  3 13 15 15 15 15 15 15 16 16  5  5 15 15 15 15 15 15 15 15 15 15 15 15 15 15 15 15 15 
15 15 15 15 15 15 15  5 11  9  0  0  2 15 15 15 15 16 11  6 13  5 16 16 15 15 15 15 15 15 15 15 15 15 15 15 15 15 15 15 
15 15 15 15 15 15  5 16  8  0  1  4 14 15 15 15 15 15  8  0  3  6  6  6 13 15  5 15 15 15 15 15 15 15 15 15 15 15 15 15 
15 15 15 15 15 15  5 11  9  0  2  5 15 15 15 15 15 15 12  7  0  0  0  0  2  5 16 16 15 15 15 15 15 15 15  5  5 15 15 15 
15 15 15 15 15 15  5  8  0  1 14  5 15 15 15 15 15 15 16  8  0  0  1  4 14 15  5 15 15 15 15 15 15 15 16 11  6 13 16 16 
15 15 15 15 15 15 15 12  4 14 16 15 15 15 15 15 15 15 15 12  4  4 14  5 15 15 15 15 15 15 15 15 15 15 15  8  0  3 13 16 
15 15 15 15 15 15 15  5 16 16 15 15 15 15 15 15 15 15 15 15 16  5  5 15 15 15 15 15 15 15 15 15 15 15 15 12  7  0  2 16 
28 24 15 15 15 15 15 16 16 16 15 15 15 15 15 15 15 15 15 15 16 16 15 15 15 15 15 15 15 15 15 15 15 15 15 15 12  4 14  5 
 5 26 15 15 15 15 15 15  5 15 15 15 15 15 15 15 15 15 15 15  5 16 15 15 15 15 15 15 15 15 15 15 15 15 15 15 15 16 15 15 
25 21 15 15 15 15 15 15 15 15 15 15 15 15 15 15 15 15 15 15 11  6 13 15 15 15 15 15 15 15 15 15 15 15 15 15 15 15 15 15 
15 15 15 15 15 15 15 15 15 15 15 15 15 15 15 15 15 15  5 16  8  0  2 16 15 15 15 15 15 15 15 15 15 15 15 15 15 15 15 15 
15 15 15 15 15 15 15 15 15 15 15 15 15 15 15 15 15 15  5 16 12  4 14 15 15 15  5 16  5 15 15 15 15 15 15 15 15 15 15 15 
15 15 15 15 15 15 15 16  5 15 15 15 16  5 15 15 16  5  5  5  5  5 16  5 15 16  5 11  6  6 13 15 15 15 15 15 15 15 15 15 
15 15 15 15 15 15 16 11  6 13 15 11  6 13  5 16  5 16 16 15 15 15 16  5 11  6  6  9  0  0  2 16 15 15 15 15 15 15 15 15 
15 15 15 15 15 15 15  8  0  2 16  8  0  2 16 11  6 13 15 15 15 15 15 16  8  0  0  0  1  4 14 16  5 15 15 15 15  5 15 15 
15 15 15 15 15 15 16  8  0  3  6  9  0  2 16  8  0  2  5 15 15 15 15  5  8  0  0  0  2  5 16 15 15 15 15 15 16 16 16 15 

 0  0  0  3  6  9  0  0  3  6  9  0  3  6  9  0  0  0  3  6  9  0  0  0  0  2 16 15 16  5  8  0  0  0  2  5 15 15 34 37 
 0  0  0  0  0  0  0  0  0  0  0  0  0  0  0  0  0  0  0  0  0  0  0  0  0  3 13 16  5 16 12  7  0  0  2  5 15 15 15 15 
 0  0  0  0  0  0  0  0  0  0  0  0  0  0  0  0  0  0  0  0  0  0  0  0  0  0  3  6  6 13 16 12  7  0  2 16 16 15 15 15 
 0  0  0  0  0  0  0  0  0  0  0  0  0  0  0  0  0  1  4  7  0  0  0  1  4  7  0  0  0  3 13  5  8  0  2 16  5 16 15 35 
 0  0  0  0  0  0  0  0  0  0  1  4  7  0  0  0  0  2  5  8  0  0  0  2 16  8  0  0  0  0  3  6  9  0  3  6 13 16 15 39 
 0  0  0  0  0  0  0  0  0  0  2  5  8  0  0  0  1 14  5  8  0  0  1 14 16  8  0  0  0  0  0  0  0  0  0  0  2 16 15 39 
 0  0  0  0  0  0  0  0  0  0  3  6  9  0  1  4 14 16 16 12  4  4 14 16  5 12  7  0  0  0  0  0  0  0  0  0  2 15 15 34 
 7  0  0  0  0  0  0  0  0  0  0  0  0  1 14 16  5 15 15 16 16 16 16 15 15 15 12  7  0  0  0  0  0  0  0  0  3 13 15 15 
12  4  4  7  0  0  0  0  0  0  0  0  1 14  5 16 16 15 15  5 16 15 15 15 15 15  5  8  0  0  0  0  0  0  0  0  0  2  5 16 
16  5  5  8  0  0  0  0  0  1  4  4 14  5 15 15 15 15 15 15  5 15 15 15 15 15 16 12  7  0  0  0  0  0  0  0  0  3  6 13 
15 15 15 12  4  7  0  0  0  2  5 15 15 15 15 15 15 15 15 15 15 15 15 15 15 15 16 16  8  0  1  4  7  0  0  0  0  0  0  2 
15 15 15  5 16  8  0  0  1 14 15 15 15 15 15 15 15 15 15 15 15 15 15 15 15 15 16  5  8  0  2  5 12  4  4  4  4  7  0  3 
15 15 15 15 15 12  4  4 14  5 15 15 15 15 15 15 15 15 15 15 15 15 15 15 15 15 16 11  9  0  3 13  5  5  5 15 16  8  0  0 
15 15 15 15 15 15 16 16  5 16 15 15 15 15 15 15 15 15 15 15 15 15 15 15 15 15 16  8  0  0  0  3  6 13 16 15  5  8  0  0 
15 15 15 15 15 16  5  5  5 15 15 15 15 15 15 15 15 15 15 15 15 15 15 15 15 15  5  8  0  0  0  0  0  2 16 15 16  8  0  0 
15 15 15 15 15  5  5 16 15 15 15 15 15 15 15 15 15 15 15 15 15 15 15 15 15 15 15 12  7  0  1  4  4 14 15 15  5  8  0  0 
15 15 15 15 15  5  5 15 15 15 15 15 15 15 15 15 15 15 15 15 15 15 15 15 15 15 15 15 12  4 14  5 15 15 15 15 15 12  4  7 
36 15 15  5 16  5 16 16 15 15 15 15 15 15 15 15 15 15 15 15 15 15 15 15 15 15 15 15 16  5 16 15 15 15 15 15 15 15 15 12 
38 15 16 11  6  6 13 16 15 15 15 15 15 15 15 15 15 15 15 15 15 15 15 15 15 15 15 15 16 16 16  5 16 15 15 15 15 15 15 15 
38 15 16  8  0  0  3 13 15 15 15 15 15 15 15 15 15 15 15 15 15 15 15 15 15 15 15 15 15 16 16  5  5 16 15 15 15 15 15 15 
33 15  5  8  0  0  0  3 13  5 15 15 15 15 15 15 15 15 15 15 15 15 15 15 15 15 15 15 15 16  5 16  5 16 15 15 15 15 15 15 
15 15 15 12  7  0  0  0  3 13 16 15 15 15 15 15 15 15 15 15  5  5 15 15 15 15 15 15 15  5 16 16 15 15 15 15 15 15 15 15 
15 15 15 15 12  7  0  0  0  3  6 13 15 15 15 15 15 15 15 15  5  5 16 15 15 15 15 15 15 15 15 15 15 15 15 15 15 15 15 15 
15 15 15 15 15 12  4  7  0  0  0  3 13 15 15 15 15 15  5 11  6  6 13 15 15 15 15 15 15 15 15 15 15 15 15 15  5 15 15 15 
15 15 15 15 15  5 16  8  0  0  0  0  3 13 16 16  5 11  6  9  0  0  3 13 15 16  5 15 15 15 15 15 15 15 15 15  5 15 15 15 
15 15 15 15 15  5 11  9  0  0  0  0  0  2 16  5 16  8  0  0  0  0  0  3 13 16  5  5 15 15 15 15 15 15 15  5 16 15 15 16 
15 15 15 15 15  5  8  0  0  0  0  0  1 14 16  5  5  8  0  0  0  0  0  0  3  6  6 13 15 15 15 15 15 15 16  5 16  5 15 15 
15 15 15 15 15  5  8  0  0  0  0  1 14 16 15 15 15 12  7  0  0  0  0  0  0  0  0  2 15 15 15 15 15  5 11  6  6 13 15 11 
15 15 15 15 15 15  8  0  0  0  0  2 16 16 15 15 15  5  8  0  0  0  0  0  1  4  4 14 15 15 15 15 15  5  8  0  0  3  6  9 
15 15 15 15 15 15 12  7  0  1  4 14 15 15 15 15 15 15 12  7  0  0  1  4 14 16  5  5  5 15 15 15 15  5  8  0  0  0  0  0 
15 15 15 15 15 15 16  8  0  2  5 16 15 15 15 15 15 15 15 12  7  0  2 16 16 15 15  5 15 15 15 15 15 15 12  7  0  0  0  0 
40 36 15 15 15 15  5  8  0  2 16  5 15 15 15 15 15 15 15  5  8  0  2 16 15 15 15 15 15 15 15 15 15 15 15 12  7  0  1  4 
 0 38 15 15 15 15 16 12  4 14  5  5  5 15 15 15 15 15 15 16  8  0  2 15 15 15 15 15 15 15 15 15 15 15 15 15 12  4 14  5 
37 33 15 15 15  5 16 16  5  5 15  5  5  5 15 15 15  5  5 11  9  0  3 13  5 15 15 15 15  5 15 15 15 15 15 15 15  5 15 15 
15 15 15 15 15 16 16  5 16 15 15  5  5 16 15 15 15 11  6  9  0  0  0  2  5  5  5 16 16  5 15 15 15 15 15 15  5  5 15 15 
15 15 15 15  5 16  5 11  6 13 15 11  6 13  5 15  5  8  0  0  0  0  0  2  5 11  6  6  6  6 13 15 15 15 15 15  5 16  5 15 
15 15 15 15 15  5 11  9  0  2  5  8  0  2 16 11  6  9  0  1  4  7  0  3  6  9  0  0  0  0  3 13 15 15 15 15  5  5 16 15 
15 15 15 15 15 15  8  0  0  3  6  9  0  3  6  9  0  0  1 14 15 12  7  0  0  0  0  0  0  0  0  3 13 15  5 16  5 16 16 15 
15 15 15 15 15 15  8  0  0  0  0  0  0  0  0  0  0  0  2 15 15 16 12  7  0  0  0  0  0  0  0  0  2 16  5 16 11  6 13 15 
15 15 15 15 15 15  8  0  0  0  0  0  0  0  0  0  0  0  3 13  5 16  5  8  0  0  0  0  0  0  1  4 14 16  5  5  8  0  3 13 

 0  0  0  0  0  0  0  0  0  0  0  0  0  0  0  0  0  0  0  0  0  0  0  0  0  0  2 16  8  0  0  0  0  0  0  2 16 15 34 37 
 0  0  0  0  0  0  0  0  0  0  0  0  0  0  0  0  0  0  0  0  0  0  0  0  0  0  3  6  9  0  0  0  0  0  0  3 13 15 15 15 
 0  0  0  0  0  0  0  0  0  0  0  0  0  0  0  0  0  0  0  0  0  0  0  0  0  0  0  0  0  0  0  0  0  0  0  0  3 13 16  5 
 0  0  0  0  0  0  0  0  0  0  0  0  0  0  0  0  0  0  0  0  0  0  0  0  0  0  0  0  0  0  0  0  0  0  0  0  0  2  5 47 
 0  0  0  0  0  0  0  0  0  0  0  0  0  0  0  0  0  0  0  0  0  0  0  0  0  0  0  0  0  0  0  0  0  0  0  0  0  2  5 51 
 0  0  0  0  0  0  0  0  0  0  0  0  0  0  0  0  0  0  0  0  0  0  0  0  0  0  0  0  0  0  0  0  0  0  0  0  0  2  5 51 
 0  0  0  0  0  0  0  0  0  0  0  0  0  0  0  0  0  1  4  7  0  0  0  1  4  7  0  0  0  0  0  0  0  0  0  0  0  2  5 46 
 0  0  0  0  0  0  0  0  0  0  0  0  0  0  0  0  0  2 16  8  0  1  4 14 16 12  7  0  0  0  0  0  0  0  0  0  0  3 13  5 
 0  0  0  0  0  0  0  0  0  0  0  0  0  0  0  1  4 14 16  8  0  2 16  5 15  5  8  0  0  0  0  0  0  0  0  0  0  0  3  6 
 4  7  0  0  0  0  0  0  0  0  0  0  1  4  4 14 16 15  5 12  4 14 16 16 15 16  8  0  0  0  0  0  0  0  0  0  0  0  0  0 
15 12  4  7  0  0  0  0  0  0  1  4 14 16 16 15 15 15 15 15 16 16 16  5 15 15  8  0  0  0  0  0  0  0  0  0  0  0  0  0 
15 16  5  8  0  0  0  0  0  0  2  5  5 15 15 15 15 15 15 15 15  5  5 15 15 16  8  0  0  0  0  0  0  0  0  0  0  0  0  0 
15 15 15 12  4  7  0  0  0  1 14  5 15 15 15 15 15 15 15 15 15 15 15 15 15 16  8  0  0  0  0  0  0  0  1  4  7  0  0  0 
15 15 15 15 16  8  0  0  0  2 16 15 15 15 15 15 15 15 15 15 15 15 15 15 15  5  8  0  0  0  0  0  0  0  2 16  8  0  0  0 
15 15 15 15  5  8  0  0  1 14  5 15 15 15 15 15 15 15 15 15 15 15 15 15  5  5  8  0  0  0  0  0  0  0  2  5  8  0  0  0 
15 15 15 15 15  8  0  1 14 16 15 15 15 15 15 15 15 15 15 15 15 15 15  5  5 16 12  7  0  0  0  0  0  1 14  5  8  0  0  0 
 5 16 16 16  5  8  0  2  5 16 15 15 15 15 15 15 15 15 15 15 15 15 15 16  5 16 16 12  7  0  1  4  4 14  5 16 12  7  0  0 
48  5 11  6  6  9  0  2  5 15 15 15 15 15 15 15 15 15 15 15 15 15 15 15 16 16 15  5  8  0  2 16  5  5 16 15 15 12  4  7 
50  5  8  0  0  0  0  2 16 15 15 15 15 15 15 15 15 15 15 15 15 15 15 15  5 15 15  5  8  0  3  6  6  6 13 15 15 15 15 12 
50  5  8  0  0  0  0  3 13  5 15 15 15 15 15 15 15 15 15 15 16 16 15 15 15 15 15 15 12  7  0  0  0  0  2 15 15 15 15 15 
45  5  8  0  0  0  0  0  3  6 13 15 15 15 15 15 15 15 15 16 16  5 15 15 15 15 15 15 15  8  0  1  4  4 14 16 15 15 15 15 
 5 16 12  7  0  0  0  0  0  0  3 13 15 15 15 15 15 15 15 11  6  6 13 15 15 15 15  5  5  8  0  2  5  5 16  5  5 15 15 15 
15 15 15 12  7  0  0  0  0  0  0  3 13 15 15 15 15 16  5  8  0  0  2 16 15 15 16  5  5 12  4 14 15 15 15 16  5 15 15 15 
15 15 15  5 12  7  0  0  0  0  0  0  3 13  5  5 16 11  6  9  0  0  3 13 16 16  5  5 16  5 15 15 15 15 16 11  6 13 15 11 
15 15 15 15  5  8  0  0  0  0  0  0  0  3  6  6  6  9  0  0  0  0  0  3  6  6  6 13  5 15 15 15 15 15 16  8  0  2 16  8 
15 15 15 15 15  8  0  0  0  0  0  0  0  0  0  0  0  0  0  0  0  0  0  0  0  0  0  2  5 15 15 15 15 15  5  8  0  2  5  8 
15 16  5  5 16  8  0  0  0  0  0  0  0  0  1  4  7  0  0  0  0  0  0  0  0  0  0  3 13 15 15 15 15 11  6  9  0  2 16  8 
15  5 16 16  5  8  0  0  0  0  0  0  0  1 14  5 12  7  0  0  0  0  0  0  0  0  0  0  2  5 16  5  5  8  0  0  0  3  6  9 
15 15  5 15 16  8  0  0  0  0  0  0  0  2  5 15  5  8  0  0  0  0  0  0  0  0  0  0  2 16  5  5 16  8  0  0  0  0  0  0 
15 15 15 15 15 12  7  0  0  0  0  1  4 14 15 15 15 12  7  0  0  0  0  0  0  0  0  0  2  5  5 16  5  8  0  0  0  0  0  0 
15 15 15 15 15 16  8  0  0  0  0  2  5  5 15 15 15 16 12  7  0  0  0  1  4  4  4  4 14  5 16  5  5 12  7  0  0  0  0  0 
40 36 15 15 15  5  8  0  0  0  0  3  6 13 15 15 15 16  5  8  0  0  0  2  5  5  5  5 16 16 15 15 15 15 12  7  0  0  0  0 
 0 38 15 15 15 11  9  0  0  0  0  0  0  2 16 15 16 16 11  9  0  0  0  2  5 16 15 15 16 16  5 15 15 15 16 12  7  0  1  4 
37 33 15 15  5  8  0  0  0  1  4  7  0  2  5 16 11  6  9  0  0  0  0  3  6 13  5 11  6  6 13 15 15 15 15 16  8  0  2  5 
15 15 15 16 11  9  0  0  0  2  5  8  0  2  5  5  8  0  0  0  0  0  0  0  0  3  6  9  0  0  2  5  5  5  5 16  8  0  2  5 
15 15 15 16  8  0  0  0  0  3  6  9  0  3  6  6  9  0  0  0  0  0  0  0  0  0  0  0  0  0  3 13  5 16 16 16  8  0  2  5 
15 15 15 15 12  7  0  0  0  0  0  0  0  0  0  0  0  0  0  0  0  0  0  0  0  0  0  0  0  0  0  3 13 16  5 16  8  0  2  5 
15 15 15 15  5  8  0  0  0  0  0  0  0  0  0  0  0  0  0  1  4  7  0  0  0  0  0  0  0  0  0  0  3  6  6  6  9  0  2  5 
15 15 15 15 15  8  0  0  0  0  0  0  0  0  0  0  0  0  0  2 16  8  0  0  0  0  0  0  0  0  0  0  0  0  0  0  0  0  3 13 
24 15 15 15  5  8  0  0  0  0  0  0  0  0  0  0  0  0  0  3  6  9  0  0  0  0  0  0  0  0  0  0  1  4  7  0  0  0  0  3 

 0  0  0  0  0  0  0  0  0  0  0  0  0  0  0  0  0  0  0  0  0  0  0  0  0  0  0  0  0  0  0  0  0  0  0  0  2  5 46 49 
 0  0  0  0  0  0  0  0  0  0  0  0  0  0  0  0  0  0  0  0  0  0  0  0  0  0  0  0  0  0  0  0  0  0  0  0  3 13  5  5 
 0  0  0  0  0  0  0  0  0  0  0  0  0  0  0  0  0  0  0  0  0  0  0  0  0  0  0  0  0  0  0  0  0  0  0  0  0  3  6  6 
 0  0  0  0  0  0  0  0  0  0  0  0  0  0  0  0  0  0  0  0  0  0  0  0  0  0  0  0  0  0  0  0  0  0  0  0  0  0  0  0 
 0  0  0  0  0  0  0  0  0  0  0  0  0  0  0  0  0  0  0  0  0  0  0  0  0  0  0  0  0  0  0  0  0  0  0  0  0  0  0  0 
 0  0  0  0  0  0  0  0  0  0  0  0  0  0  0  0  0  0  0  0  0  0  0  0  0  0  0  0  0  0  0  0  0  0  0  0  0  0  0  0 
 0  0  0  0  0  0  0  0  0  0  0  0  0  0  0  0  0  0  0  0  0  0  0  0  0  0  0  0  0  0  0  0  0  0  0  0  0  0  0  0 
 0  0  0  0  0  0  0  0  0  0  0  0  0  0  0  0  0  0  0  0  0  0  0  1  4  7  0  0  0  0  0  0  0  0  0  0  0  0  0  0 
 0  0  0  0  0  0  0  0  0  0  0  0  0  0  0  0  0  0  0  0  0  0  0  2 16  8  0  0  0  0  0  0  0  0  0  0  0  0  0  0 
 0  0  0  0  0  0  0  0  0  0  0  0  0  0  0  1  4  4  4  7  0  0  0  2  5  8  0  0  0  0  0  0  0  0  0  0  0  0  0  0 
 4  7  0  0  0  0  0  0  0  0  0  0  0  0  1 14 16  5  5 12  7  0  0  2 16  8  0  0  0  0  0  0  0  0  0  0  0  0  0  0 
 5  8  0  0  0  0  0  0  0  0  0  1  4  4 14 16 15 15 15 15 12  7  0  2  5  8  0  0  0  0  0  0  0  0  0  0  0  0  0  0 
15 12  4  7  0  0  0  0  0  0  0  2 16 16 15 15 15 15 15 15 15 12  4 14  5  8  0  0  0  0  0  0  0  0  0  0  0  0  0  0 
15 15  5  8  0  0  0  0  0  0  0  2 16 15 15 15 15 15 15 15 15 15 16 16  5  8  0  0  0  0  0  0  0  0  0  0  0  0  0  0 
15 15 15 12  7  0  0  0  0  1  4 14 16 15 15 15 15 15 15 15 15 15 16 11  6  9  0  0  0  0  0  0  0  0  0  0  0  0  0  0 
16 15 16  5  8  0  0  0  0  2  5  5 15 15 15 15 15 15 15 15 15 15 15  8  0  0  0  0  0  0  0  0  0  0  0  0  0  0  0  0 
 6  6  6  6  9  0  0  0  0  2 16 15 15 15 15 15 15 15 15 15 15 15 15  8  0  0  0  0  0  0  0  0  0  0  1  4  7  0  0  0 
 0  0  0  0  0  0  0  0  1 14  5 15 15 15 15 15 15 15 15 15 15 15  5  8  0  1  4  7  0  0  0  0  0  0  2  5 12  7  0  0 
 0  0  0  0  0  0  0  0  2  5  5 15 15 15 15 15 15 15 15 15  5 16 16 12  4 14  5  8  0  0  0  0  0  0  3 13 16 12  4  7 
 0  0  0  0  0  0  0  0  3  6 13 15 15 15 15 15 15 15 15 11  6  6 13  5 15 16 16 12  7  0  0  0  0  0  0  2 16  5 15 12 
 0  0  0  0  0  0  0  0  0  0  3 13 15 15 15 15 15  5  5  8  0  0  2 15 15 15  5 16  8  0  0  0  0  0  0  3 13  5 15  5 
 4  4  7  0  0  0  0  0  0  0  0  3 13 15 15 15  5 11  6  9  0  0  3 13 15  5 11  6  9  0  0  0  1  4  7  0  2 15 15 15 
 5 16 12  7  0  0  0  0  0  0  0  0  3 13 15 16 16  8  0  0  0  0  0  2 16  5  8  0  0  0  0  1 14 16  8  0  3 13  5 11 
15 15  5  8  0  0  0  0  0  0  0  0  0  3  6  6  6  9  0  0  0  0  0  3  6  6  9  0  0  1  4 14  5 16  8  0  0  3  6  9 
16 15 16 12  7  0  0  0  0  0  0  0  0  0  0  0  0  0  0  0  0  0  0  0  0  0  0  0  1 14  5  5 16 16  8  0  0  0  0  0 
16  5  5 16  8  0  0  0  0  0  0  0  0  0  0  0  0  0  0  0  0  0  0  0  0  0  0  0  2 15 15 16 16 11  9  0  0  0  0  0 
11  6  6  6  9  0  0  0  0  0  0  0  0  0  0  0  0  0  0  0  0  0  0  0  0  0  0  0  3 13 16 16 11  9  0  0  0  0  0  0 
 8  0  0  0  0  0  0  0  0  0  0  0  0  0  1  4  7  0  0  0  0  0  0  0  0  0  0  0  0  3  6  6  9  0  0  0  0  0  0  0 
12  4  4  4  7  0  0  0  0  0  0  0  0  0  2 16  8  0  0  0  0  0  0  0  0  0  0  0  0  0  0  0  0  0  0  0  0  0  0  0 
16  5  5  5 12  7  0  0  0  0  0  0  0  1 14 15 12  7  0  0  0  0  0  0  0  0  0  0  0  0  0  0  0  0  0  0  0  0  0  0 
 5  5 16 15 15  8  0  0  0  0  0  0  0  2 15 15 16  8  0  0  0  0  0  0  0  0  0  0  0  0  1  4  4  7  0  0  0  0  0  0 
52 48  5 15 16  8  0  0  0  0  0  0  0  3 13 16 11  9  0  0  0  0  0  0  0  1  4  7  0  0  2 16  5 12  7  0  0  0  0  0 
 0 50  5 16 11  9  0  0  0  0  0  0  0  0  2 16  8  0  0  0  0  0  0  0  0  2  5  8  0  0  2  5 15 16  8  0  0  0  0  0 
49 45  5 11  9  0  0  0  0  0  0  0  0  0  3  6  9  0  0  0  0  0  0  0  0  3  6  9  0  0  3 13 16 16  8  0  0  0  0  0 
 5  5  5  8  0  0  0  0  0  0  0  0  0  0  0  0  0  0  0  0  0  0  0  0  0  0  0  0  0  0  0  3  6  6  9  0  0  0  0  1 
15 15 16  8  0  0  0  0  0  0  0  0  0  0  0  0  0  0  0  0  0  0  0  0  0  0  0  0  0  0  0  0  0  0  0  0  0  0  0  2 
15 15 15 12  7  0  0  0  0  0  0  0  0  0  0  0  0  0  0  0  0  0  0  0  0  0  0  0  0  0  0  0  0  0  0  0  0  0  0  2 
15 15 15  5  8  0  0  0  0  0  0  0  0  0  0  0  0  0  0  0  0  0  0  0  0  0  0  0  0  0  0  0  0  0  0  0  0  0  0  2 
15 15 15 15  8  0  0  0  0  0  0  0  0  0  0  0  0  0  0  0  0  0  0  0  0  0  0  0  0  0  0  0  0  0  0  0  0  0  0  3 
36 15 15 16  8  0  0  0  0  0  0  0  0  0  0  0  0  0  0  0  0  0  0  0  0  0  0  0  0  0  0  0  0  0  0  0  0  0  0  0 

 0  0  0  0  0  0  0  0  0  0  0  0  0  0  0  0  0  0  0  0  0  0  0  0  0  0  0  0  0  0  0  0  0  0  0  0  0  0  0  0 
 0  0  0  0  0  0  0  0  0  0  0  0  0  0  0  0  0  0  0  0  0  0  0  0  0  0  0  0  0  0  0  0  0  0  0  0  0  0  0  0 
 0  0  0  0  0  0  0  0  0  0  0  0  0  0  0  0  0  0  0  0  0  0  0  0  0  0  0  0  0  0  0  0  0  0  0  0  0  0  0  0 
 0  0  0  0  0  0  0  0  0  0  0  0  0  0  0  0  0  0  0  0  0  0  0  0  0  0  0  0  0  0  0  0  0  0  0  0  0  0  0  0 
 0  0  0  0  0  0  0  0  0  0  0  0  0  0  0  0  0  0  0  0  0  0  0  0  0  0  0  0  0  0  0  0  0  0  0  0  0  0  0  0 
 0  0  0  0  0  0  0  0  0  0  0  0  0  0  0  0  0  0  0  0  0  0  0  0  0  0  0  0  0  0  0  0  0  0  0  0  0  0  0  0 
 0  0  0  0  0  0  0  0  0  0  0  0  0  0  0  0  0  0  0  0  0  0  0  0  0  0  0  0  0  0  0  0  0  0  0  0  0  0  0  0 
 0  0  0  0  0  0  0  0  0  0  0  0  0  0  0  0  0  0  0  0  0  0  0  0  0  0  0  0  0  0  0  0  0  0  0  0  0  0  0  0 
 0  0  0  0  0  0  0  0  0  0  0  0  0  0  0  0  0  0  0  0  0  0  0  0  0  0  0  0  0  0  0  0  0  0  0  0  0  0  0  0 
 0  0  0  0  0  0  0  0  0  0  0  0  0  0  0  0  0  0  0  0  0  0  0  0  0  0  0  0  0  0  0  0  0  0  0  0  0  0  0  0 
 0  0  0  0  0  0  0  0  0  0  0  0  0  0  0  1  4  4  4  7  0  0  0  0  0  0  0  0  0  0  0  0  0  0  0  0  0  0  0  0 
 7  0  0  0  0  0  0  0  0  0  0  0  0  0  0  2 16  5 15 12  7  0  0  0  0  0  0  0  0  0  0  0  0  0  0  0  0  0  0  0 
12  7  0  0  0  0  0  0  0  0  0  0  0  1  4 14 16 15 15 15 12  7  0  0  0  0  0  0  0  0  0  0  0  0  0  0  0  0  0  0 
16 12  7  0  0  0  0  0  0  0  0  0  1 14 15  5 15 15 15 15 15 12  7  0  0  0  0  0  0  0  0  0  0  0  0  0  0  0  0  0 
16 16  8  0  0  0  0  0  0  0  0  0  2 16 15 15 15 15 15 15 15 15  8  0  0  0  0  0  0  0  0  0  0  0  0  0  0  0  0  0 
 6  6  9  0  0  0  0  0  0  0  1  4 14 15 15 15 15 15 15 15 15  5  8  0  0  0  0  0  0  0  0  0  0  0  0  0  0  0  0  0 
 0  0  0  0  0  0  0  0  0  0  2  5 15 15 15 15 15 15 15 15 15  5  8  0  0  0  0  0  0  0  0  0  0  0  0  0  0  0  0  0 
 0  0  0  0  0  0  0  0  0  0  2  5 15 15 15 15 15 15 15 15 16 16  8  0  0  0  0  0  0  0  0  0  0  0  0  0  0  0  0  0 
 0  0  0  0  0  0  0  0  0  0  2 15 15 15 15 15 15 15 15 11  6  6  9  0  0  0  0  0  0  0  0  0  0  0  0  0  0  0  0  0 
 0  0  0  0  0  0  0  0  0  0  3 13 15 15 15 15  5 16 11  9  0  0  0  1  4  7  0  0  0  0  0  0  0  0  0  0  0  1  4  7 
 0  0  0  0  0  0  0  0  0  0  0  3 13 15 15 15 11  6  9  0  0  0  0  2 16  8  0  0  0  0  0  0  0  0  0  0  0  2 16  8 
 0  0  0  0  0  0  0  0  0  0  0  0  3 13  5 11  9  0  0  0  0  0  0  3  6  9  0  0  0  0  0  0  0  0  0  0  0  2  5  8 
 1  4  7  0  0  0  0  0  0  0  0  0  0  3  6  9  0  0  0  0  0  0  0  0  0  0  0  0  0  0  0  0  0  0  0  0  0  3  6  9 
 2 16  8  0  0  0  0  0  0  0  0  0  0  0  0  0  0  0  0  0  0  0  0  0  0  0  0  0  0  0  0  0  0  0  0  0  0  0  0  0 
 2 16  8  0  0  0  0  0  0  0  0  0  0  0  0  0  0  0  0  0  0  0  0  0  0  0  0  0  0  1  4  7  0  0  0  0  0  0  0  0 
 3  6  9  0  0  0  0  0  0  0  0  0  0  0  0  0  0  0  0  0  0  0  0  0  0  0  0  0  0  2  5  8  0  0  0  0  0  0  0  0 
 0  0  0  0  0  0  0  0  0  0  0  0  0  0  0  0  0  0  0  0  0  0  0  0  0  0  0  0  0  3  6  9  0  0  0  0  0  0  0  0 
 0  0  0  0  0  0  0  0  0  0  0  0  0  0  0  0  0  0  0  0  0  0  0  0  0  0  0  0  0  0  0  0  0  0  0  0  0  0  0  0 
 7  0  0  0  0  0  0  0  0  0  0  0  0  0  0  0  0  0  0  0  0  0  0  0  0  0  0  0  0  0  0  0  0  0  0  0  0  0  0  0 
 8  0  1  4  7  0  0  0  0  0  0  0  0  0  1  4  7  0  0  0  0  0  0  0  0  0  0  0  0  0  0  0  0  0  0  0  0  0  0  0 
 9  0  2  5  8  0  0  0  0  0  0  0  0  0  2 16  8  0  0  0  0  0  0  0  0  0  0  0  0  0  0  0  0  0  0  0  0  0  0  0 
 0  0  2  5  8  0  0  0  0  0  0  0  0  0  3  6  9  0  0  0  0  0  0  0  0  0  0  0  0  0  0  1  4  7  0  0  0  0  0  0 
 0  0  3  6  9  0  0  0  0  0  0  0  0  0  0  0  0  0  0  0  0  0  0  0  0  0  0  0  0  0  0  2  5  8  0  0  0  0  0  0 
 0  0  0  0  0  0  0  0  0  0  0  0  0  0  0  0  0  0  0  0  0  0  0  0  0  0  0  0  0  0  0  3  6  9  0  0  0  0  0  0 
 1  4  7  0  0  0  0  0  0  0  0  0  0  0  0  0  0  0  0  0  0  0  0  0  0  0  0  0  0  0  0  0  0  0  0  0  0  0  0  0 
14 16  8  0  0  0  0  0  0  0  0  0  0  0  0  0  0  0  0  0  0  0  0  0  0  0  0  0  0  0  0  0  0  0  0  0  0  0  0  0 
15 16 12  7  0  0  0  0  0  0  0  0  0  0  0  0  0  0  0  0  0  0  0  0  0  0  0  0  0  0  0  0  0  0  0  0  0  0  0  0 
15 15 16  8  0  0  0  0  0  0  0  0  0  0  0  0  0  0  0  0  0  0  0  0  0  0  0  0  0  0  0  0  0  0  0  0  0  0  0  0 
 5 16 16  8  0  0  0  0  0  0  0  0  0  0  0  0  0  0  0  0  0  0  0  0  0  0  0  0  0  0  0  0  0  0  0  0  0  0  0  0 
48  5 11  9  0  0  0  0  0  0  0  0  0  0  0  0  0  0  0  0  0  0  0  0  0  0  0  0  0  0  0  0  0  0  0  0  0  0  0  0 

 0  0  0  0  0  0  0  0  0  0  0  0  0  0  0  0  0  0  0  0  0  0  0  0  0  0  0  0  0  0  0  0  0  0  0  0  0  0  0  0 
 0  0  0  0  0  0  0  0  0  0  0  0  0  0  0  0  0  0  0  0  0  0  0  0  0  0  0  0  0  0  0  0  0  0  0  0  0  0  0  0 
 0  0  0  0  0  0  0  0  0  0  0  0  0  0  0  0  0  0  0  0  0  0  0  0  0  0  0  0  0  0  0  0  0  0  0  0  0  0  0  0 
 0  0  0  0  0  0  0  0  0  0  0  0  0  0  0  0  0  0  0  0  0  0  0  0  0  0  0  0  0  0  0  0  0  0  0  0  0  0  0  0 
 0  0  0  0  0  0  0  0  0  0  0  0  0  0  0  0  0  0  0  0  0  0  0  0  0  0  0  0  0  0  0  0  0  0  0  0  0  0  0  0 
 0  0  0  0  0  0  0  0  0  0  0  0  0  0  0  0  0  0  0  0  0  0  0  0  0  0  0  0  0  0  0  0  0  0  0  0  0  0  0  0 
 0  0  0  0  0  0  0  0  0  0  0  0  0  0  0  0  0  0  0  0  0  0  0  0  0  0  0  0  0  0  0  0  0  0  0  0  0  0  0  0 
 0  0  0  0  0  0  0  0  0  0  0  0  0  0  0  0  0  0  0  0  0  0  0  0  0  0  0  0  0  0  0  0  0  0  0  0  0  0  0  0 
 0  0  0  0  0  0  0  0  0  0  0  0  0  0  0  0  0  0  0  0  0  0  0  0  0  0  0  0  0  0  0  0  0  0  0  0  0  0  0  0 
 0  0  0  0  0  0  0  0  0  0  0  0  0  0  0  0  0  0  0  0  0  0  0  0  0  0  0  0  0  0  0  0  0  0  0  0  0  0  0  0 
 0  0  0  0  0  0  0  0  0  0  0  0  0  0  0  0  0  0  0  0  0  0  0  0  0  0  0  0  0  0  0  0  0  0  0  0  0  0  0  0 
 0  0  0  0  0  0  0  0  0  0  0  0  0  0  0  0  0  1  4  7  0  0  0  0  0  0  0  0  0  0  0  0  0  0  0  0  0  0  0  0 
 7  0  0  0  0  0  0  0  0  0  0  0  0  0  0  0  1 14 16 12  7  0  0  0  0  0  0  0  0  0  0  0  0  0  0  0  0  0  0  0 
 8  0  0  0  0  0  0  0  0  0  0  0  0  1  4  4 14 15 15 15 12  7  0  0  0  0  0  0  0  0  0  0  0  0  0  0  0  0  0  0 
 9  0  0  0  0  0  0  0  0  0  0  0  0  2  5 16 16 15 15 15 15  8  0  0  0  0  0  0  0  0  0  0  0  0  0  0  0  0  0  0 
 0  0  0  0  0  0  0  0  0  0  0  0  1 14 15 15 15 15 15 15 16  8  0  0  0  0  0  0  0  0  0  0  0  0  0  0  0  0  0  0 
 0  0  0  0  0  0  0  0  0  0  0  1 14 16 15 15 15 15  5 16  5  8  0  0  0  0  0  0  0  0  0  0  0  0  0  0  0  0  0  0 
 0  0  0  0  0  0  0  0  0  0  0  2 16 15 15 15  5 16 16 11  6  9  0  0  0  0  0  0  0  0  0  0  0  0  0  0  0  0  0  0 
 0  0  0  0  0  0  0  0  0  0  0  2  5 15 15 16 11  6  6  9  0  0  0  0  0  0  0  0  0  0  0  0  0  0  0  0  0  0  0  0 
 0  0  0  0  0  0  0  0  0  0  0  3 13 16  5  5  8  0  0  0  0  0  0  0  0  0  0  0  0  0  0  0  0  0  0  0  0  0  0  0 
 0  0  0  0  0  0  0  0  0  0  0  0  3 13 16 11  9  0  0  0  0  0  0  0  0  0  0  0  0  0  0  0  0  0  0  0  0  0  0  0 
 0  0  0  0  0  0  0  0  0  0  0  0  0  3  6  9  0  0  0  0  0  0  0  0  0  0  0  0  0  0  0  0  0  0  0  0  0  0  0  0 
 0  0  0  0  0  0  0  0  0  0  0  0  0  0  0  0  0  0  0  0  0  0  0  0  0  0  0  0  0  0  0  0  0  0  0  0  0  0  0  0 
 0  0  0  0  0  0  0  0  0  0  0  0  0  0  0  0  0  0  0  0  0  0  0  0  0  0  0  0  0  0  0  0  0  0  0  0  0  0  0  0 
 0  0  0  0  0  0  0  0  0  0  0  0  0  0  0  0  0  0  0  0  0  0  0  0  0  0  0  0  0  0  0  0  0  0  0  0  0  0  0  0 
 0  0  0  0  0  0  0  0  0  0  0  0  0  0  0  0  0  0  0  0  0  0  0  0  0  0  0  0  0  0  0  0  0  0  0  0  0  0  0  0 
 0  0  0  0  0  0  0  0  0  0  0  0  0  0  0  0  0  0  0  0  0  0  0  0  0  0  0  0  0  0  0  0  0  0  0  0  0  0  0  0 
 0  0  0  0  0  0  0  0  0  0  0  0  0  0  0  0  0  0  0  0  0  0  0  0  0  0  0  0  0  0  0  0  0  0  0  0  0  0  0  0 
 0  0  0  0  0  0  0  0  0  0  0  0  0  0  0  0  0  0  0  0  0  0  0  0  0  0  0  0  0  0  0  0  0  0  0  0  0  0  0  0 
 0  0  0  0  0  0  0  0  0  0  0  0  0  0  0  0  0  0  0  0  0  0  0  0  0  0  0  0  0  0  0  0  0  0  0  0  0  0  0  0 
 0  0  0  0  0  0  0  0  0  0  0  0  0  0  0  0  0  0  0  0  0  0  0  0  0  0  0  0  0  0  0  0  0  0  0  0  0  0  0  0 
 0  0  0  0  0  0  0  0  0  0  0  0  0  0  0  0  0  0  0  0  0  0  0  0  0  0  0  0  0  0  0  0  0  0  0  0  0  0  0  0 
 0  0  0  0  0  0  0  0  0  0  0  0  0  0  0  0  0  0  0  0  0  0  0  0  0  0  0  0  0  0  0  0  0  0  0  0  0  0  0  0 
 0  0  0  0  0  0  0  0  0  0  0  0  0  0  0  0  0  0  0  0  0  0  0  0  0  0  0  0  0  0  0  0  0  0  0  0  0  0  0  0 
 0  0  0  0  0  0  0  0  0  0  0  0  0  0  0  0  0  0  0  0  0  0  0  0  0  0  0  0  0  0  0  0  0  0  0  0  0  0  0  0 
 0  0  0  0  0  0  0  0  0  0  0  0  0  0  0  0  0  0  0  0  0  0  0  0  0  0  0  0  0  0  0  0  0  0  0  0  0  0  0  0 
 4  4  7  0  0  0  0  0  0  0  0  0  0  0  0  0  0  0  0  0  0  0  0  0  0  0  0  0  0  0  0  0  0  0  0  0  0  0  0  0 
16  5  8  0  0  0  0  0  0  0  0  0  0  0  0  0  0  0  0  0  0  0  0  0  0  0  0  0  0  0  0  0  0  0  0  0  0  0  0  0 
 6  6  9  0  0  0  0  0  0  0  0  0  0  0  0  0  0  0  0  0  0  0  0  0  0  0  0  0  0  0  0  0  0  0  0  0  0  0  0  0 
 0  0  0  0  0  0  0  0  0  0  0  0  0  0  0  0  0  0  0  0  0  0  0  0  0  0  0  0  0  0  0  0  0  0  0  0  0  0  0  0 

 0  0  0  0  0  0  0  0  0  0  0  0  0  0  0  0  0  0  0  0  0  0  0  0  0  0  0  0  0  0  0  0  0  0  0  0  0  0  0  0 
 0  0  0  0  0  0  0  0  0  0  0  0  0  0  0  0  0  0  0  0  0  0  0  0  0  0  0  0  0  0  0  0  0  0  0  0  0  0  0  0 
 0  0  0  0  0  0  0  0  0  0  0  0  0  0  0  0  0  0  0  0  0  0  0  0  0  0  0  0  0  0  0  0  0  0  0  0  0  0  0  0 
 0  0  0  0  0  0  0  0  0  0  0  0  0  0  0  0  0  0  0  0  0  0  0  0  0  0  0  0  0  0  0  0  0  0  0  0  0  0  0  0 
 0  0  0  0  0  0  0  0  0  0  0  0  0  0  0  0  0  0  0  0  0  0  0  0  0  0  0  0  0  0  0  0  0  0  0  0  0  0  0  0 
 0  0  0  0  0  0  0  0  0  0  0  0  0  0  0  0  0  0  0  0  0  0  0  0  0  0  0  0  0  0  0  0  0  0  0  0  0  0  0  0 
 0  0  0  0  0  0  0  0  0  0  0  0  0  0  0  0  0  0  0  0  0  0  0  0  0  0  0  0  0  0  0  0  0  0  0  0  0  0  0  0 
 0  0  0  0  0  0  0  0  0  0  0  0  0  0  0  0  0  0  0  0  0  0  0  0  0  0  0  0  0  0  0  0  0  0  0  0  0  0  0  0 
 0  0  0  0  0  0  0  0  0  0  0  0  0  0  0  0  0  0  0  0  0  0  0  0  0  0  0  0  0  0  0  0  0  0  0  0  0  0  0  0 
 0  0  0  0  0  0  0  0  0  0  0  0  0  0  0  0  0  0  0  0  0  0  0  0  0  0  0  0  0  0  0  0  0  0  0  0  0  0  0  0 
 0  0  0  0  0  0  0  0  0  0  0  0  0  0  0  0  0  0  0  0  0  0  0  0  0  0  0  0  0  0  0  0  0  0  0  0  0  0  0  0 
 0  0  0  0  0  0  0  0  0  0  0  0  0  0  0  0  0  0  0  0  0  0  0  0  0  0  0  0  0  0  0  0  0  0  0  0  0  0  0  0 
 0  0  0  0  0  0  0  0  0  0  0  0  0  0  0  0  0  1  4  7  0  0  0  0  0  0  0  0  0  0  0  0  0  0  0  0  0  0  0  0 
 0  0  0  0  0  0  0  0  0  0  0  0  0  0  0  0  1 14  5 12  7  0  0  0  0  0  0  0  0  0  0  0  0  0  0  0  0  0  0  0 
 0  0  0  0  0  0  0  0  0  0  0  0  0  0  0  0  2 16 16  5  8  0  0  0  0  0  0  0  0  0  0  0  0  0  0  0  0  0  0  0 
 0  0  0  0  0  0  0  0  0  0  0  0  0  1  4  4 14  5 16 11  9  0  0  0  0  0  0  0  0  0  0  0  0  0  0  0  0  0  0  0 
 0  0  0  0  0  0  0  0  0  0  0  0  0  2  5  5 16 11  6  9  0  0  0  0  0  0  0  0  0  0  0  0  0  0  0  0  0  0  0  0 
 0  0  0  0  0  0  0  0  0  0  0  0  1 14  5 11  6  9  0  0  0  0  0  0  0  0  0  0  0  0  0  0  0  0  0  0  0  0  0  0 
 0  0  0  0  0  0  0  0  0  0  0  0  2  5  5  8  0  0  0  0  0  0  0  0  0  0  0  0  0  0  0  0  0  0  0  0  0  0  0  0 
 0  0  0  0  0  0  0  0  0  0  0  0  3  6  6  9  0  0  0  0  0  0  0  0  0  0  0  0  0  0  0  0  0  0  0  0  0  0  0  0 
 0  0  0  0  0  0  0  0  0  0  0  0  0  0  0  0  0  0  0  0  0  0  0  0  0  0  0  0  0  0  0  0  0  0  0  0  0  0  0  0 
 0  0  0  0  0  0  0  0  0  0  0  0  0  0  0  0  0  0  0  0  0  0  0  0  0  0  0  0  0  0  0  0  0  0  0  0  0  0  0  0 
 0  0  0  0  0  0  0  0  0  0  0  0  0  0  0  0  0  0  0  0  0  0  0  0  0  0  0  0  0  0  0  0  0  0  0  0  0  0  0  0 
 0  0  0  0  0  0  0  0  0  0  0  0  0  0  0  0  0  0  0  0  0  0  0  0  0  0  0  0  0  0  0  0  0  0  0  0  0  0  0  0 
 0  0  0  0  0  0  0  0  0  0  0  0  0  0  0  0  0  0  0  0  0  0  0  0  0  0  0  0  0  0  0  0  0  0  0  0  0  0  0  0 
 0  0  0  0  0  0  0  0  0  0  0  0  0  0  0  0  0  0  0  0  0  0  0  0  0  0  0  0  0  0  0  0  0  0  0  0  0  0  0  0 
 0  0  0  0  0  0  0  0  0  0  0  0  0  0  0  0  0  0  0  0  0  0  0  0  0  0  0  0  0  0  0  0  0  0  0  0  0  0  0  0 
 0  0  0  0  0  0  0  0  0  0  0  0  0  0  0  0  0  0  0  0  0  0  0  0  0  0  0  0  0  0  0  0  0  0  0  0  0  0  0  0 
 0  0  0  0  0  0  0  0  0  0  0  0  0  0  0  0  0  0  0  0  0  0  0  0  0  0  0  0  0  0  0  0  0  0  0  0  0  0  0  0 
 0  0  0  0  0  0  0  0  0  0  0  0  0  0  0  0  0  0  0  0  0  0  0  0  0  0  0  0  0  0  0  0  0  0  0  0  0  0  0  0 
 0  0  0  0  0  0  0  0  0  0  0  0  0  0  0  0  0  0  0  0  0  0  0  0  0  0  0  0  0  0  0  0  0  0  0  0  0  0  0  0 
 0  0  0  0  0  0  0  0  0  0  0  0  0  0  0  0  0  0  0  0  0  0  0  0  0  0  0  0  0  0  0  0  0  0  0  0  0  0  0  0 
 0  0  0  0  0  0  0  0  0  0  0  0  0  0  0  0  0  0  0  0  0  0  0  0  0  0  0  0  0  0  0  0  0  0  0  0  0  0  0  0 
 0  0  0  0  0  0  0  0  0  0  0  0  0  0  0  0  0  0  0  0  0  0  0  0  0  0  0  0  0  0  0  0  0  0  0  0  0  0  0  0 
 0  0  0  0  0  0  0  0  0  0  0  0  0  0  0  0  0  0  0  0  0  0  0  0  0  0  0  0  0  0  0  0  0  0  0  0  0  0  0  0 
 0  0  0  0  0  0  0  0  0  0  0  0  0  0  0  0  0  0  0  0  0  0  0  0  0  0  0  0  0  0  0  0  0  0  0  0  0  0  0  0 
 0  0  0  0  0  0  0  0  0  0  0  0  0  0  0  0  0  0  0  0  0  0  0  0  0  0  0  0  0  0  0  0  0  0  0  0  0  0  0  0 
 0  0  0  0  0  0  0  0  0  0  0  0  0  0  0  0  0  0  0  0  0  0  0  0  0  0  0  0  0  0  0  0  0  0  0  0  0  0  0  0 
 0  0  0  0  0  0  0  0  0  0  0  0  0  0  0  0  0  0  0  0  0  0  0  0  0  0  0  0  0  0  0  0  0  0  0  0  0  0  0  0 
 0  0  0  0  0  0  0  0  0  0  0  0  0  0  0  0  0  0  0  0  0  0  0  0  0  0  0  0  0  0  0  0  0  0  0  0  0  0  0  0 

 0  0  0  0  0  0  0  0  0  0  0  0  0  0  0  0  0  0  0  0  0  0  0  0  0  0  0  0  0  0  0  0  0  0  0  0  0  0  0  0 
 0  0  0  0  0  0  0  0  0  0  0  0  0  0  0  0  0  0  0  0  0  0  0  0  0  0  0  0  0  0  0  0  0  0  0  0  0  0  0  0 
 0  0  0  0  0  0  0  0  0  0  0  0  0  0  0  0  0  0  0  0  0  0  0  0  0  0  0  0  0  0  0  0  0  0  0  0  0  0  0  0 
 0  0  0  0  0  0  0  0  0  0  0  0  0  0  0  0  0  0  0  0  0  0  0  0  0  0  0  0  0  0  0  0  0  0  0  0  0  0  0  0 
 0  0  0  0  0  0  0  0  0  0  0  0  0  0  0  0  0  0  0  0  0  0  0  0  0  0  0  0  0  0  0  0  0  0  0  0  0  0  0  0 
 0  0  0  0  0  0  0  0  0  0  0  0  0  0  0  0  0  0  0  0  0  0  0  0  0  0  0  0  0  0  0  0  0  0  0  0  0  0  0  0 
 0  0  0  0  0  0  0  0  0  0  0  0  0  0  0  0  0  0  0  0  0  0  0  0  0  0  0  0  0  0  0  0  0  0  0  0  0  0  0  0 
 0  0  0  0  0  0  0  0  0  0  0  0  0  0  0  0  0  0  0  0  0  0  0  0  0  0  0  0  0  0  0  0  0  0  0  0  0  0  0  0 
 0  0  0  0  0  0  0  0  0  0  0  0  0  0  0  0  0  0  0  0  0  0  0  0  0  0  0  0  0  0  0  0  0  0  0  0  0  0  0  0 
 0  0  0  0  0  0  0  0  0  0  0  0  0  0  0  0  0  0  0  0  0  0  0  0  0  0  0  0  0  0  0  0  0  0  0  0  0  0  0  0 
 0  0  0  0  0  0  0  0  0  0  0  0  0  0  0  0  0  0  0  0  0  0  0  0  0  0  0  0  0  0  0  0  0  0  0  0  0  0  0  0 
 0  0  0  0  0  0  0  0  0  0  0  0  0  0  0  0  0  0  0  0  0  0  0  0  0  0  0  0  0  0  0  0  0  0  0  0  0  0  0  0 
 0  0  0  0  0  0  0  0  0  0  0  0  0  0  0  0  0  0  0  0  0  0  0  0  0  0  0  0  0  0  0  0  0  0  0  0  0  0  0  0 
 0  0  0  0  0  0  0  0  0  0  0  0  0  0  0  0  0  0  0  0  0  0  0  0  0  0  0  0  0  0  0  0  0  0  0  0  0  0  0  0 
 0  0  0  0  0  0  0  0  0  0  0  0  0  0  0  0  0  0  0  0  0  0  0  0  0  0  0  0  0  0  0  0  0  0  0  0  0  0  0  0 
 0  0  0  0  0  0  0  0  0  0  0  0  0  0  0  0  0  0  0  0  0  0  0  0  0  0  0  0  0  0  0  0  0  0  0  0  0  0  0  0 
 0  0  0  0  0  0  0  0  0  0  0  0  0  0  0  0  0  0  0  0  0  0  0  0  0  0  0  0  0  0  0  0  0  0  0  0  0  0  0  0 
 0  0  0  0  0  0  0  0  0  0  0  0  0  0  0  0  0  0  0  0  0  0  0  0  0  0  0  0  0  0  0  0  0  0  0  0  0  0  0  0 
 0  0  0  0  0  0  0  0  0  0  0  0  0  0  0  0  0  0  0  0  0  0  0  0  0  0  0  0  0  0  0  0  0  0  0  0  0  0  0  0 
 0  0  0  0  0  0  0  0  0  0  0  0  0  0  0  0  0  0  0  0  0  0  0  0  0  0  0  0  0  0  0  0  0  0  0  0  0  0  0  0 
 0  0  0  0  0  0  0  0  0  0  0  0  0  0  0  0  0  0  0  0  0  0  0  0  0  0  0  0  0  0  0  0  0  0  0  0  0  0  0  0 
 0  0  0  0  0  0  0  0  0  0  0  0  0  0  0  0  0  0  0  0  0  0  0  0  0  0  0  0  0  0  0  0  0  0  0  0  0  0  0  0 
 0  0  0  0  0  0  0  0  0  0  0  0  0  0  0  0  0  0  0  0  0  0  0  0  0  0  0  0  0  0  0  0  0  0  0  0  0  0  0  0 
 0  0  0  0  0  0  0  0  0  0  0  0  0  0  0  0  0  0  0  0  0  0  0  0  0  0  0  0  0  0  0  0  0  0  0  0  0  0  0  0 
 0  0  0  0  0  0  0  0  0  0  0  0  0  0  0  0  0  0  0  0  0  0  0  0  0  0  0  0  0  0  0  0  0  0  0  0  0  0  0  0 
 0  0  0  0  0  0  0  0  0  0  0  0  0  0  0  0  0  0  0  0  0  0  0  0  0  0  0  0  0  0  0  0  0  0  0  0  0  0  0  0 
 0  0  0  0  0  0  0  0  0  0  0  0  0  0  0  0  0  0  0  0  0  0  0  0  0  0  0  0  0  0  0  0  0  0  0  0  0  0  0  0 
 0  0  0  0  0  0  0  0  0  0  0  0  0  0  0  0  0  0  0  0  0  0  0  0  0  0  0  0  0  0  0  0  0  0  0  0  0  0  0  0 
 0  0  0  0  0  0  0  0  0  0  0  0  0  0  0  0  0  0  0  0  0  0  0  0  0  0  0  0  0  0  0  0  0  0  0  0  0  0  0  0 
 0  0  0  0  0  0  0  0  0  0  0  0  0  0  0  0  0  0  0  0  0  0  0  0  0  0  0  0  0  0  0  0  0  0  0  0  0  0  0  0 
 0  0  0  0  0  0  0  0  0  0  0  0  0  0  0  0  0  0  0  0  0  0  0  0  0  0  0  0  0  0  0  0  0  0  0  0  0  0  0  0 
 0  0  0  0  0  0  0  0  0  0  0  0  0  0  0  0  0  0  0  0  0  0  0  0  0  0  0  0  0  0  0  0  0  0  0  0  0  0  0  0 
 0  0  0  0  0  0  0  0  0  0  0  0  0  0  0  0  0  0  0  0  0  0  0  0  0  0  0  0  0  0  0  0  0  0  0  0  0  0  0  0 
 0  0  0  0  0  0  0  0  0  0  0  0  0  0  0  0  0  0  0  0  0  0  0  0  0  0  0  0  0  0  0  0  0  0  0  0  0  0  0  0 
 0  0  0  0  0  0  0  0  0  0  0  0  0  0  0  0  0  0  0  0  0  0  0  0  0  0  0  0  0  0  0  0  0  0  0  0  0  0  0  0 
 0  0  0  0  0  0  0  0  0  0  0  0  0  0  0  0  0  0  0  0  0  0  0  0  0  0  0  0  0  0  0  0  0  0  0  0  0  0  0  0 
 0  0  0  0  0  0  0  0  0  0  0  0  0  0  0  0  0  0  0  0  0  0  0  0  0  0  0  0  0  0  0  0  0  0  0  0  0  0  0  0 
 0  0  0  0  0  0  0  0  0  0  0  0  0  0  0  0  0  0  0  0  0  0  0  0  0  0  0  0  0  0  0  0  0  0  0  0  0  0  0  0 
 0  0  0  0  0  0  0  0  0  0  0  0  0  0  0  0  0  0  0  0  0  0  0  0  0  0  0  0  0  0  0  0  0  0  0  0  0  0  0  0 
 0  0  0  0  0  0  0  0  0  0  0  0  0  0  0  0  0  0  0  0  0  0  0  0  0  0  0  0  0  0  0  0  0  0  0  0  0  0  0  0 

<Objects>
3D Studio Scenes\canyonEmpty.max
1
$rock1
#
2
$rock2
#
3
$rock3
#
4
$rock4
#
5
$flatrock
$middle
#
6
$rock6
#
7
$rock7
#
8
$rock8
#
9
$rock9
#
10
$underground
#
11
$corner1
$cornerflat1
#
12
$corner3
$cornerflat3
#
13
$corner7
$cornerflat7
#
14
$corner9
$cornerflat9
#
15
$underground
#
16
$middle
$flatrock2
#
17
$middle
$flatrock
#
18
$middle
$flatrock2
#
19
$middle
$flatrock2
#
20
$middle
$flatrock
#
21
$middle
$flatrock2
#
22
$middle
$flatrock
#
23
$middle
$flatrock
#
24
$middle
$flatrock2
#
25
$middle
$flatrock2
#
26
$middle
$flatrock
#
27
$middle
$flatrock
#
28
$middle
$flatrock2
#
29
$1middle
#
30
$7middle
#
31
$9middle
#
32
$3middle
#
33
$24middle
#
34
$48middle
#
35
$68middle
#
36
$26middle
#
37
$4middle
#
38
$2middle
#
39
$8middle
#
40
$6middle
#
41
$1middle
#
42
$7middle
#
43
$9middle
#
44
$3middle
#
45
$24middle
#
46
$48middle
#
47
$68middle
#
48
$26middle
#
49
$4middle
#
50
$2middle
#
51
$8middle
#
52
$6middle
#

