Model generated using Paul Merrell's model synthesis algorithm.  Do not insert or delete lines from this file.

x, y, and z extents
40 40 10

 5  5  5  5  5  5  5  5  5  5  5  5  5  5  5  5  5  5  5  5  5  5  5  5  5  5  5  5  5  5  5  5  5  5  5  5  5  5  5  5 
 5  5  5  5  5  5  5  5  5  5  5  5  5  5  5  5  5  5  5  5  5  5  5  5  5  5  5  5  5  5  5  5  5  5  5  5  5  5  5  5 
 5  5  5  5  5  5  5  5  5  5  5  5  5  5  5  5  5  5  5  5  5  5  5  5  5  5  5  5  5  5  5  5  5  5  5  5  5  5  5  5 
 5  5  5  5  5  5  5  5  5  5  5  5  5  5  5  5  5  5  5  5  5  5  5  5  5  5  5  5  5  5  5  5  5  5  5  5  5  5  5  5 
 5  5  5  5  5  5  5  5  5  5  5  5  5  5  5  5  5  5  5  5  5  5  5  5  5  5  5  5  5  5  5  5  5  5  5  5  5  5  5  5 
 5  5  5  5  5  5  5  5  5  5  5  5  5  5  5  5  5  5  5  5  5  5  5  5  5  5  5  5  5  5  5  5  5  5  5  5  5  5  5  5 
 5  5  5  5  5  5  5  5  5  5  5  5  5  5  5  5  5  5  5  5  5  5  5  5  5  5  5  5  5  5  5  5  5  5  5  5  5  5  5  5 
 5  5  5  5  5  5  5  5  5  5  5  5  5  5  5  5  5  5  5  5  5  5  5  5  5  5  5  5  5  5  5  5  5  5  5  5  5  5  5  5 
 5  5  5  5  5  5  5  5  5  5  5  5  5  5  5  5  5  5  5  5  5  5  5  5  5  5  5  5  5  5  5  5  5  5  5  5  5  5  5  5 
 5  5  5  5  5  5  5  5  5  5  5  5  5  5  5  5  5  5  5  5  5  5  5  5  5  5  5  5  5  5  5  5  5  5  5  5  5  5  5  5 
 5  5  5  5  5  5  5  5  5  5  5  5  5  5  5  5  5  5  5  5  5  5  5  5  5  5  5  5  5  5  5  5  5  5  5  5  5  5  5  5 
 5  5  5  5  5  5  5  5  5  5  5  5  5  5  5  5  5  5  5  5  5  5  5  5  5  5  5  5  5  5  5  5  5  5  5  5  5  5  5  5 
 5  5  5  5  5  5  5  5  5  5  5  5  5  5  5  5  5  5  5  5  5  5  5  5  5  5  5  5  5  5  5  5  5  5  5  5  5  5  5  5 
 5  5  5  5  5  5  5  5  5  5  5  5  5  5  5  5  5  5  5  5  5  5  5  5  5  5  5  5  5  5  5  5  5  5  5  5  5  5  5  5 
 5  5  5  5  5  5  5  5  5  5  5  5  5  5  5  5  5  5  5  5  5  5  5  5  5  5  5  5  5  5  5  5  5  5  5  5  5  5  5  5 
 5  5  5  5  5  5  5  5  5  5  5  5  5  5  5  5  5  5  5  5  5  5  5  5  5  5  5  5  5  5  5  5  5  5  5  5  5  5  5  5 
 5  5  5  5  5  5  5  5  5  5  5  5  5  5  5  5  5  5  5  5  5  5  5  5  5  5  5  5  5  5  5  5  5  5  5  5  5  5  5  5 
 5  5  5  5  5  5  5  5  5  5  5  5  5  5  5  5  5  5  5  5  5  5  5  5  5  5  5  5  5  5  5  5  5  5  5  5  5  5  5  5 
 5  5  5  5  5  5  5  5  5  5  5  5  5  5  5  5  5  5  5  5  5  5  5  5  5  5  5  5  5  5  5  5  5  5  5  5  5  5  5  5 
 5  5  5  5  5  5  5  5  5  5  5  5  5  5  5  5  5  5  5  5  5  5  5  5  5  5  5  5  5  5  5  5  5  5  5  5  5  5  5  5 
 5  5  5  5  5  5  5  5  5  5  5  5  5  5  5  5  5  5  5  5  5  5  5  5  5  5  5  5  5  5  5  5  5  5  5  5  5  5  5  5 
 5  5  5  5  5  5  5  5  5  5  5  5  5  5  5  5  5  5  5  5  5  5  5  5  5  5  5  5  5  5  5  5  5  5  5  5  5  5  5  5 
 5  5  5  5  5  5  5  5  5  5  5  5  5  5  5  5  5  5  5  5  5  5  5  5  5  5  5  5  5  5  5  5  5  5  5  5  5  5  5  5 
 5  5  5  5  5  5  5  5  5  5  5  5  5  5  5  5  5  5  5  5  5  5  5  5  5  5  5  5  5  5  5  5  5  5  5  5  5  5  5  5 
 5  5  5  5  5  5  5  5  5  5  5  5  5  5  5  5  5  5  5  5  5  5  5  5  5  5  5  5  5  5  5  5  5  5  5  5  5  5  5  5 
 5  5  5  5  5  5  5  5  5  5  5  5  5  5  5  5  5  5  5  5  5  5  5  5  5  5  5  5  5  5  5  5  5  5  5  5  5  5  5  5 
 5  5  5  5  5  5  5  5  5  5  5  5  5  5  5  5  5  5  5  5  5  5  5  5  5  5  5  5  5  5  5  5  5  5  5  5  5  5  5  5 
 5  5  5  5  5  5  5  5  5  5  5  5  5  5  5  5  5  5  5  5  5  5  5  5  5  5  5  5  5  5  5  5  5  5  5  5  5  5  5  5 
 5  5  5  5  5  5  5  5  5  5  5  5  5  5  5  5  5  5  5  5  5  5  5  5  5  5  5  5  5  5  5  5  5  5  5  5  5  5  5  5 
 5  5  5  5  5  5  5  5  5  5  5  5  5  5  5  5  5  5  5  5  5  5  5  5  5  5  5  5  5  5  5  5  5  5  5  5  5  5  5  5 
 5  5  5  5  5  5  5  5  5  5  5  5  5  5  5  5  5  5  5  5  5  5  5  5  5  5  5  5  5  5  5  5  5  5  5  5  5  5  5  5 
 5  5  5  5  5  5  5  5  5  5  5  5  5  5  5  5  5  5  5  5  5  5  5  5  5  5  5  5  5  5  5  5  5  5  5  5  5  5  5  5 
 5  5  5  5  5  5  5  5  5  5  5  5  5  5  5  5  5  5  5  5  5  5  5  5  5  5  5  5  5  5  5  5  5  5  5  5  5  5  5  5 
 5  5  5  5  5  5  5  5  5  5  5  5  5  5  5  5  5  5  5  5  5  5  5  5  5  5  5  5  5  5  5  5  5  5  5  5  5  5  5  5 
 5  5  5  5  5  5  5  5  5  5  5  5  5  5  5  5  5  5  5  5  5  5  5  5  5  5  5  5  5  5  5  5  5  5  5  5  5  5  5  5 
 5  5  5  5  5  5  5  5  5  5  5  5  5  5  5  5  5  5  5  5  5  5  5  5  5  5  5  5  5  5  5  5  5  5  5  5  5  5  5  5 
 5  5  5  5  5  5  5  5  5  5  5  5  5  5  5  5  5  5  5  5  5  5  5  5  5  5  5  5  5  5  5  5  5  5  5  5  5  5  5  5 
 5  5  5  5  5  5  5  5  5  5  5  5  5  5  5  5  5  5  5  5  5  5  5  5  5  5  5  5  5  5  5  5  5  5  5  5  5  5  5  5 
 5  5  5  5  5  5  5  5  5  5  5  5  5  5  5  5  5  5  5  5  5  5  5  5  5  5  5  5  5  5  5  5  5  5  5  5  5  5  5  5 
 5  5  5  5  5  5  5  5  5  5  5  5  5  5  5  5  5  5  5  5  5  5  5  5  5  5  5  5  5  5  5  5  5  5  5  5  5  5  5  5 

21 21 21 21 21 21 21 21 21 21 21 21 21 21 21 21 21 21 21 21 21 21 21 21 21 21 21 21 21 21 21 21 21 21 21 21 21 21 21 21 
21 21 21 21 21 21 21 21 21 21 21 21 21 21 21 21 21 21 21 21 21 21 21 21 21 21 21 21 21 21 21 21 21 21 21 21 21 21 21 21 
21 21 21 21 21 21 21 21 21 21 21 21 21 21 21 21 21 21 21 21 21 21 21 21 21 21 21 21 21 21 21 21 21 21 21 21 21 21 21 21 
21 21 21 21 21 21 21 21 21 21 21 21 21 21 21 21 21 21 21 21 21 21 21 21 21 21 21 21 21 21 21 21 21 21 21 21 21 21 21 21 
21 21 21 21 21 21 21 21 21 21 21 21 21 21 21 21 21 21 21 21 21 21 21 21 21 21 21 21 21 21 21 21 21 21 21 21 21 21 21 21 
21 21 21 21 21 21 21 21 21 21 21 21 21 21 21 21 21 21 21 21 21 21 21 21 21 21 21 21 21 21 21 21 21 21 21 21 21 21 21 21 
21 21 21 21 21 21 21 21 21 21 21 21 21 21 21 21 21 21 21 21 21 21 21 21 21 21 21 21 21 21 21 21 21 21 21 21 21 21 21 21 
21 21 21 21 21 21 21 21 21 21 21 21 21 21 21 21 21 21 21 21 21 21 21 21 21 21 21 21 21 21 21 21 21 21 21 21 21 21 21 21 
21 21 21 21 21 21 21 21 21 21 21 21 21 21 21 21 21 21 21 21 21 21 21 21 21 21 21 21 21 21 21 21 21 21 21 21 21 21 21 21 
21 21 21 21 21 21 21 21 21 21 21 21 21 21 21 21 21 21 21 21 21 21 21 21 21 21 21 21 21 21 21 21 21 21 21 21 21 21 21 21 
21 21 21 21 21 21 21 21 21 21 21 21 21 21 21 21 21 21 21 21 21 21 21 21 21 21 21 21 21 21 21 21 21 21 21 21 21 21 21 21 
21 21 21 21 21 21 21 21 21 21 21 21 21 21 21 21 21 21 21 21 21 21 21 21 21 21 21 21 21 21 21 21 21 21 21 21 21 21 21 21 
21 21 21 21 21 21 21 21 21 21 21 21 21 21 21 21 21 21 21 21 21 21 21 21 21 21 21 21 21 21 21 21 21 21 21 21 21 21 21 21 
21 21 21 21 21 21 21 21 21 21 21 21 21 21 21 21 21 21 21 21 21 21 21 21 21 21 21 21 21 21 21 21 21 21 21 21 21 21 21 21 
21 21 21 21 21 21 21 21 21 21 21 21 21 21 21 21 21 21 21 21 21 21 21 21 21 21 21 21 21 21 21 21 21 21 21 21 21 21 21 21 
21 21 21 21 21 21 21 21 21 21 21 21 21 21 21 21 21 21 21 21 21 21 21 21 21 21 21 21 21 21 21 21 21 21 21 21 21 21 21 21 
21 21 21 21 21 21 21 21 21 21 21 21 21 21 21 21 21 21 21 21 21 21 21 21 21 21 21 21 21 21 21 21 21 21 21 21 21 21 21 21 
21 21 21 21 21 21 21 21 21 21 21 21 21 21 21 21 21 21 21 21 21 21 21 21 21 21 21 21 21 21 21 21 21 21 21 21 21 21 21 21 
21 21 21 21 21 21 21 21 21 21 21 21 21 21 21 21 21 21 21 21 21 21 21 21 21 21 21 21 21 21 21 21 21 21 21 21 21 21 21 21 
21 21 21 21 21 21 21 21 21 21 21 21 21 21 21 21 21 21 21 21 21 21 21 21 21 21 21 21 21 21 21 21 21 21 21 21 21 21 21 21 
21 21 21 21 21 21 21 21 21 21 21 21 21 21 21 21 21 21 21 21 21 21 21 21 21 21 21 21 21 21 21 21 21 21 21 21 21 21 21 21 
21 21 21 21 21 21 21 21 21 21 21 21 21 21 21 21 21 21 21 21 21 21 21 21 21 21 21 21 21 21 21 21 21 21 21 21 21 21 21 21 
21 21 21 21 21 21 21 21 21 21 21 21 21 21 21 21 21 21 21 21 21 21 21 21 21 21 21 21 21 21 21 21 21 21 21 21 21 21 21 21 
21 21 21 21 21 21 21 21 21 21 21 21 21 21 21 21 21 21 21 21 21 21 21 21 21 21 21 21 21 21 21 21 21 21 21 21 21 21 21 21 
21 21 21 21 21 21 21 21 21 21 21 21 21 21 21 21 21 21 21 21 21 21 21 21 21 21 21 21 21 21 21 21 21 21 21 21 21 21 21 21 
21 21 21 21 21 21 21 21 21 21 21 21 21 21 21 21 21 21 21 21 21 21 21 21 21 21 21 21 21 21 21 21 21 21 21 21 21 21 21 21 
21 21 21 21 21 21 21 21 21 21 21 21 21 21 21 21 21 21 21 21 21 21 21 21 21 21 21 21 21 21 21 21 21 21 21 21 21 21 21 21 
21 21 21 21 21 21 21 21 21 21 21 21 21 21 21 21 21 21 21 21 21 21 21 21 21 21 21 21 21 21 21 21 21 21 21 21 21 21 21 21 
21 21 21 21 21 21 21 21 21 21 21 21 21 21 21 21 21 21 21 21 21 21 21 21 21 21 21 21 21 21 21 21 21 21 21 21 21 21 21 21 
21 21 21 21 21 21 21 21 21 21 21 21 21 21 21 21 21 21 21 21 21 21 21 21 21 21 21 21 21 21 21 21 21 21 21 21 21 21 21 21 
21 21 21 21 21 21 21 21 21 21 21 21 21 21 21 21 21 21 21 21 21 21 21 21 21 21 21 21 21 21 21 21 21 21 21 21 21 21 21 21 
21 21 21 21 21 21 21 21 21 21 21 21 21 21 21 21 21 21 21 21 21 21 21 21 21 21 21 21 21 21 21 21 21 21 21 21 21 21 21 21 
21 21 21 21 21 21 21 21 21 21 21 21 21 21 21 21 21 21 21 21 21 21 21 21 21 21 21 21 21 21 21 21 21 21 21 21 21 21 21 21 
21 21 21 21 21 21 21 21 21 21 21 21 21 21 21 21 21 21 21 21 21 21 21 21 21 21 21 21 21 21 21 21 21 21 21 21 21 21 21 21 
21 21 21 21 21 21 21 21 21 21 21 21 21 21 21 21 21 21 21 21 21 21 21 21 21 21 21 21 21 21 21 21 21 21 21 21 21 21 21 21 
21 21 21 21 21 21 21 21 21 21 21 21 21 21 21 21 21 21 21 21 21 21 21 21 21 21 21 21 21 21 21 21 21 21 21 21 21 21 21 21 
21 21 21 21 21 21 21 21 21 21 21 21 21 21 21 21 21 21 21 21 21 21 21 21 21 21 21 21 21 21 21 21 21 21 21 21 21 21 21 21 
21 21 21 21 21 21 21 21 21 21 21 21 21 21 21 21 21 21 21 21 21 21 21 21 21 21 21 21 21 21 21 21 21 21 21 21 21 21 21 21 
21 21 21 21 21 21 21 21 21 21 21 21 21 21 21 21 21 21 21 21 21 21 21 21 21 21 21 21 21 21 21 21 21 21 21 21 21 21 21 21 
21 21 21 21 21 21 21 21 21 21 21 21 21 21 21 21 21 21 21 21 21 21 21 21 21 21 21 21 21 21 21 21 21 21 21 21 21 21 21 21 

43 44 45  0 31  0 31  0 20  0 11 12 13  0 20  0 29  0 17 18 19  0 14  0 36 18 18 19  0 31  0 16  0 14  0 46 47 48  0  0 
43 44 45  0 16  0 16  0 20  0  0  0  0  0  0  0 14  0 14  0 16  0 29  0  0  0  0 16  0 16  0 16  0 14  0  0  0  0  0 17 
43 44 45  0 31  0 31  0  0 17 18 18 19  0  0  0 29  0 14  0 16  0 14  0 39 12 12 13  0 31  0 16  0 11 12 38  0 20  0 14 
46 47 48  0 16  0 16  0  0 14  0  0 16  0  0  0 14  0 11 12 13  0 29  0 16  0  0  0  0 16  0 16  0  0  0 14  0  0  0 14 
 0  0  0  0 16  0 16  0  0 11 12 12 13  0 17 18 37  0  0  0  0  0 14  0 36 18 19  0  0 16  0 16  0 20  0 11 12 38  0 29 
41 42  0  0 16  0 31  0  0  0  0  0  0  0 14  0  0  0 17 18 19  0 29  0  0  0 16  0  0 16  0 16  0  0 20  0  0 14  0 14 
44 45  0  0 31  0 16  0  0 40 41 41 42  0 14  0  0  0 14  0 16  0 14  0  0  0 16  0  0 31  0 36 18 19  0 17 18 37  0 14 
44 45  0  0 16  0 31  0  0 43 44 44 45  0 29  0  0  0 14  0 16  0 14  0 39 12 13  0  0 16  0  0  0 16  0 14  0  0  0 11 
44 45  0  0 16  0 16  0  0 43 44 44 45  0 14  0 17 18 37  0 16  0 14  0 16  0  0 39 12 13  0  0  0 36 18 37  0 20 20  0 
44 45  0  0 31  0 16  0  0 43 44 44 45  0 14  0 14  0  0  0 16  0 14  0 16  0  0 16  0  0 39 12 38  0  0  0 20  0  0 40 
44 45  0  0 16  0 31  0  0 43 44 44 45  0 29  0 14  0 20  0 16  0 29  0 16  0  0 31  0  0 16  0 14  0  0  0  0  0  0 43 
44 45  0  0 16  0 16  0  0 43 44 44 45  0 14  0 14  0 20  0 16  0 14  0 16  0  0 16  0  0 36 18 37  0 40 41 42  0  0 43 
47 48  0  0 31  0 31  0  0 46 47 47 48  0 14  0 14  0  0  0 16  0 14  0 16  0  0 31  0 20  0  0  0  0 43 44 45  0  0 43 
 0  0 20  0 16  0 16  0  0  0  0  0  0  0 29  0 14  0 39 12 13  0 14  0 16  0  0 16  0  0 17 18 19  0 43 44 45  0  0 46 
18 19  0  0 31  0 16  0 17 18 19  0  0  0 14  0 14  0 16  0  0  0 14  0 16  0  0 31  0  0 14  0 16  0 46 47 48  0  0  0 
 0 16  0  0 16  0 31  0 14  0 16  0 17 18 37  0 11 12 13  0  0  0 14  0 16  0  0 16  0  0 11 12 13  0  0  0  0 40 41 41 
12 13  0  0 31  0 16  0 14  0 16  0 14  0  0 20  0  0  0 20  0  0 29  0 16  0  0 36 18 19  0  0  0  0  0 20  0 43 44 44 
 0  0  0  0 16  0 31  0 14  0 16  0 14  0 20 20  0 20 20 20 20  0 14  0 16  0 20  0  0 16  0 40 41 42  0  0  0 43 44 44 
19  0 20  0 31  0 16  0 11 12 13  0 14  0  0  0 20 20 20 20 20  0 14  0 16  0  0  0  0 31  0 43 44 45  0 20  0 46 47 47 
16  0  0  0 16  0 16  0  0  0  0  0 29  0  0 20  0  0  0 20  0  0 14  0 36 18 19  0  0 16  0 43 44 45  0 20 20  0  0  0 
13  0  0  0 16  0 16  0 40 41 42  0 14  0  0  0 20  0  0 20  0  0 14  0  0  0 16  0  0 16  0 43 44 45  0 20  0 17 18 19 
 0  0  0  0 16  0 16  0 43 44 45  0 11 12 38  0 20 20 20 20 20  0 11 12 38  0 16  0  0 16  0 43 44 45  0 20  0 14  0 16 
12 38  0  0 16  0 31  0 43 44 45  0  0  0 14  0 20 20  0 20 20 20  0  0 14  0 16  0  0 16  0 46 47 48  0 20  0 14  0 36 
 0 14  0  0 16  0 16  0 43 44 45  0  0  0 29  0 20  0  0  0  0  0  0  0 14  0 16  0  0 16  0  0  0  0  0  0  0 14  0  0 
18 37  0  0 31  0 16  0 46 47 48  0 20  0 14  0 20 20  0  0  0  0 20  0 14  0 16  0  0 31  0 20  0 17 18 19  0 11 12 12 
 0  0 20  0 16  0 31  0  0  0  0 20 20  0 14  0  0  0 40 41 42  0 20  0 14  0 16  0  0 16  0  0  0 14  0 16  0  0  0  0 
20  0  0  0 31  0 16  0 17 18 19  0 20  0 29  0  0  0 43 44 45  0 20  0 29  0 16  0  0 31  0 20  0 11 12 13  0 40 41 41 
20  0  0  0 16  0 16  0 14  0 16  0 20  0 14  0  0  0 43 44 45  0 20  0 14  0 16  0  0 16  0 20  0  0  0  0  0 43 44 44 
 0  0  0  0 16  0 36 18 37  0 16  0  0  0 11 12 38  0 46 47 48  0 20  0 14  0 16  0  0 16  0 20  0  0 20 20  0 43 44 44 
17 18 19  0 31  0  0  0  0  0 36 18 18 19  0  0 14  0  0  0  0 20  0  0 29  0 16  0  0 31  0 20  0  0 20 20  0 43 44 44 
14  0 16  0 16  0 39 12 38  0  0  0  0 16  0  0 29  0 17 18 19  0  0  0 14  0 16  0  0 16  0  0  0  0  0  0  0 43 44 44 
14  0 16  0 16  0 16  0 14  0 20  0  0 31  0  0 14  0 14  0 16  0 20  0 14  0 16  0  0 36 18 28 18 18 19  0  0 46 47 47 
29  0 31  0 16  0 16  0 14  0 20  0  0 16  0  0 14  0 29  0 16  0  0  0 29  0 36 18 19  0  0  0  0  0 16  0 20  0  0  0 
14  0 16  0 16  0 16  0 14  0 20  0  0 16  0  0 29  0 14  0 31  0  0  0 14  0  0  0 16  0 39 12 38  0 31  0  0  0 39 12 
29  0 16  0 31  0 16  0 14  0 20  0  0 16  0  0 14  0 29  0 16  0 17 18 37  0 20  0 16  0 16  0 14  0 16  0 20  0 16  0 
14  0 31  0 16  0 31  0 14  0 20  0  0 16  0  0 14  0 14  0 31  0 14  0  0 20 20  0 16  0 31  0 29  0 16  0  0  0 16  0 
14  0 16  0 16  0 16  0 29  0  0  0  0 31  0  0 14  0 14  0 16  0 14  0 20 20 20  0 16  0 16  0 14  0 31  0 20  0 16  0 
14  0 16  0 16  0 16  0 14  0  0  0  0 16  0  0 29  0 29  0 16  0 29  0 20  0  0  0 16  0 16  0 29  0 16  0  0  0 36 18 
14  0 31  0 31  0 36 18 37  0 20 20  0 31  0  0 14  0 14  0 31  0 14  0  0  0  0  0 16  0 31  0 14  0 36 18 18 19  0  0 
37  0 16  0 16  0  0  0  0  0 20  0  0 16  0  0 29  0 29  0 16  0 11 12 38  0  0  0 16  0 16  0 14  0  0  0  0 16  0 39 

53 54 55  0 16  0 16  0  0  0 11 12 13  0  0  0 14  0  7  8  9  0 14  0 32  8  8  9  0 16  0  6  0  4  0 56 57 58  0  0 
43 44 45  0 16  0 16  0  0  0  0  0  0  0  0  0 14  0  4  0  6  0 14  0  0  0  0  6  0 16  0  6  0  4  0  0  0  0  0 17 
43 44 45  0 16  0 16  0  0  7  8  8  9  0  0  0 14  0  4  0  6  0 14  0 35  2  2  3  0 16  0  6  0  1  2 34  0  0  0 14 
56 57 58  0 16  0 16  0  0  4  0  0  6  0  0  0 14  0  1  2  3  0 14  0  6  0  0  0  0 16  0  6  0  0  0  4  0  0  0 14 
 0  0  0  0 16  0 16  0  0  1  2  2  3  0 17 18 37  0  0  0  0  0 14  0 32  8  9  0  0 16  0  6  0  0  0  1  2 34  0 14 
51 52  0  0 16  0 16  0  0  0  0  0  0  0 14  0  0  0  7  8  9  0 14  0  0  0  6  0  0 16  0  6  0  0  0  0  0  4  0 14 
44 45  0  0 16  0 16  0  0 40 41 41 42  0 14  0  0  0  4  0  6  0 14  0  0  0  6  0  0 16  0 32  8  9  0  7  8 33  0 14 
44 45  0  0 16  0 16  0  0 43 44 44 45  0 14  0  0  0  4  0  6  0 14  0 35  2  3  0  0 16  0  0  0  6  0  4  0  0  0 11 
44 45  0  0 16  0 16  0  0 43 44 44 45  0 14  0  7  8 33  0  6  0 14  0  6  0  0 39 12 13  0  0  0 32  8 33  0  0  0  0 
44 45  0  0 16  0 16  0  0 43 44 44 45  0 14  0  4  0  0  0  6  0 14  0  6  0  0 16  0  0 39 12 38  0  0  0  0  0  0 50 
44 45  0  0 16  0 16  0  0 43 44 44 45  0 14  0  4  0  0  0  6  0 14  0  6  0  0 16  0  0 16  0 14  0  0  0  0  0  0 43 
44 45  0  0 16  0 16  0  0 43 44 44 45  0 14  0  4  0  0  0  6  0 14  0  6  0  0 16  0  0 36 18 37  0 40 41 42  0  0 43 
47 48  0  0 16  0 16  0  0 46 47 47 48  0 14  0  4  0  0  0  6  0 14  0  6  0  0 16  0  0  0  0  0  0 43 44 45  0  0 43 
 0  0  0  0 16  0 16  0  0  0  0  0  0  0 14  0  4  0 35  2  3  0 14  0  6  0  0 16  0  0  7  8  9  0 43 44 45  0  0 46 
 8  9  0  0 16  0 16  0  7  8  9  0  0  0 14  0  4  0  6  0  0  0 14  0  6  0  0 16  0  0  4  0  6  0 46 47 48  0  0  0 
 0  6  0  0 16  0 16  0  4  0  6  0 17 18 37  0  1  2  3  0  0  0 14  0  6  0  0 16  0  0  1  2  3  0  0  0  0 40 41 41 
 2  3  0  0 16  0 16  0  4  0  6  0 14  0  0  0  0  0  0  0  0  0 14  0  6  0  0 36 18 19  0  0  0  0  0  0  0 43 44 44 
 0  0  0  0 16  0 16  0  4  0  6  0 14  0  0  0  0  0  0  0  0  0 14  0  6  0  0  0  0 16  0 50 51 52  0  0  0 43 44 44 
 9  0  0  0 16  0 16  0  1  2  3  0 14  0  0  0  0  0  0  0  0  0 14  0  6  0  0  0  0 16  0 43 44 45  0  0  0 46 47 47 
 6  0  0  0 16  0 16  0  0  0  0  0 14  0  0  0  0  0  0  0  0  0 14  0 32  8  9  0  0 16  0 43 44 45  0  0  0  0  0  0 
 3  0  0  0 16  0 16  0 40 41 42  0 14  0  0  0  0  0  0  0  0  0 14  0  0  0  6  0  0 16  0 43 44 45  0  0  0  7  8  9 
 0  0  0  0 16  0 16  0 43 44 45  0 11 12 38  0  0  0  0  0  0  0 11 12 38  0  6  0  0 16  0 43 44 45  0  0  0  4  0  6 
12 38  0  0 16  0 16  0 43 44 45  0  0  0 14  0  0  0  0  0  0  0  0  0 14  0  6  0  0 16  0 56 57 58  0  0  0  4  0 32 
 0 14  0  0 16  0 16  0 43 44 45  0  0  0 14  0  0  0  0  0  0  0  0  0 14  0  6  0  0 16  0  0  0  0  0  0  0  4  0  0 
18 37  0  0 16  0 16  0 46 47 48  0  0  0 14  0  0  0  0  0  0  0  0  0 14  0  6  0  0 16  0  0  0  7  8  9  0  1  2  2 
 0  0  0  0 16  0 16  0  0  0  0  0  0  0 14  0  0  0 50 51 52  0  0  0 14  0  6  0  0 16  0  0  0  4  0  6  0  0  0  0 
 0  0  0  0 16  0 16  0 17 18 19  0  0  0 14  0  0  0 43 44 45  0  0  0 14  0  6  0  0 16  0  0  0  1  2  3  0 50 51 51 
 0  0  0  0 16  0 16  0 14  0 16  0  0  0 14  0  0  0 43 44 45  0  0  0 14  0  6  0  0 16  0  0  0  0  0  0  0 43 44 44 
 0  0  0  0 16  0 36 18 37  0 16  0  0  0 11 12 38  0 56 57 58  0  0  0 14  0  6  0  0 16  0  0  0  0  0  0  0 43 44 44 
17 18 19  0 16  0  0  0  0  0 36 18 18 19  0  0 14  0  0  0  0  0  0  0 14  0  6  0  0 16  0  0  0  0  0  0  0 43 44 44 
14  0 16  0 16  0 39 12 38  0  0  0  0 16  0  0 14  0 17 18 19  0  0  0 14  0  6  0  0 16  0  0  0  0  0  0  0 43 44 44 
14  0 16  0 16  0 16  0 14  0  0  0  0 16  0  0 14  0 14  0 16  0  0  0 14  0  6  0  0 36 18 18 18 18 19  0  0 56 57 57 
14  0 16  0 16  0 16  0 14  0  0  0  0 16  0  0 14  0 14  0 16  0  0  0 14  0 32  8  9  0  0  0  0  0 16  0  0  0  0  0 
14  0 16  0 16  0 16  0 14  0  0  0  0 16  0  0 14  0 14  0 16  0  0  0 14  0  0  0  6  0 39 12 38  0 16  0  0  0 35  2 
14  0 16  0 16  0 16  0 14  0  0  0  0 16  0  0 14  0 14  0 16  0 17 18 37  0  0  0  6  0 16  0 14  0 16  0  0  0  6  0 
14  0 16  0 16  0 16  0 14  0  0  0  0 16  0  0 14  0 14  0 16  0 14  0  0  0  0  0  6  0 16  0 14  0 16  0  0  0  6  0 
14  0 16  0 16  0 16  0 14  0  0  0  0 16  0  0 14  0 14  0 16  0 14  0  0  0  0  0  6  0 16  0 14  0 16  0  0  0  6  0 
14  0 16  0 16  0 16  0 14  0  0  0  0 16  0  0 14  0 14  0 16  0 14  0  0  0  0  0  6  0 16  0 14  0 16  0  0  0 32  8 
14  0 16  0 16  0 36 18 37  0  0  0  0 16  0  0 14  0 14  0 16  0 14  0  0  0  0  0  6  0 16  0 14  0 36 18 18 19  0  0 
37  0 16  0 16  0  0  0  0  0  0  0  0 16  0  0 14  0 14  0 16  0 11 12 38  0  0  0  6  0 16  0 14  0  0  0  0 16  0 39 

 0  0  0  0 16  0 16  0  0  0  1  2  3  0  0  0 14  0  0  0  0  0 14  0  0  0  0  0  0 16  0  0  0  0  0  0  0  0  0  0 
53 54 55  0 16  0 16  0  0  0  0  0  0  0  0  0 14  0  0  0  0  0 14  0  0  0  0  0  0 16  0  0  0  0  0  0  0  0  0 17 
59 60 61  0 16  0 16  0  0  0  0  0  0  0  0  0 14  0  0  0  0  0 14  0  0  0  0  0  0 16  0  0  0  0  0  0  0  0  0 14 
 0  0  0  0 16  0 16  0  0  0  0  0  0  0  0  0 14  0  0  0  0  0 14  0  0  0  0  0  0 16  0  0  0  0  0  0  0  0  0 14 
 0  0  0  0 16  0 16  0  0  0  0  0  0  0 17 18 37  0  0  0  0  0 14  0  0  0  0  0  0 16  0  0  0  0  0  0  0  0  0 14 
 0  0  0  0 16  0 16  0  0  0  0  0  0  0 14  0  0  0  0  0  0  0 14  0  0  0  0  0  0 16  0  0  0  0  0  0  0  0  0 14 
54 55  0  0 16  0 16  0  0 50 51 51 52  0 14  0  0  0  0  0  0  0 14  0  0  0  0  0  0 16  0  0  0  0  0  0  0  0  0 14 
44 45  0  0 16  0 16  0  0 43 44 44 45  0 14  0  0  0  0  0  0  0 14  0  0  0  0  0  0 16  0  0  0  0  0  0  0  0  0 11 
44 45  0  0 16  0 16  0  0 43 44 44 45  0 14  0  0  0  0  0  0  0 14  0  0  0  0 39 12 13  0  0  0  0  0  0  0  0  0  0 
44 45  0  0 16  0 16  0  0 43 44 44 45  0 14  0  0  0  0  0  0  0 14  0  0  0  0 16  0  0 35  2 34  0  0  0  0  0  0  0 
44 45  0  0 16  0 16  0  0 43 44 44 45  0 14  0  0  0  0  0  0  0 14  0  0  0  0 16  0  0  6  0  4  0  0  0  0  0  0 53 
44 45  0  0 16  0 16  0  0 43 44 44 45  0 14  0  0  0  0  0  0  0 14  0  0  0  0 16  0  0 32  8 33  0 50 51 52  0  0 43 
47 48  0  0 16  0 16  0  0 46 47 47 48  0 14  0  0  0  0  0  0  0 14  0  0  0  0 16  0  0  0  0  0  0 43 44 45  0  0 43 
 0  0  0  0 16  0 16  0  0  0  0  0  0  0 14  0  0  0  0  0  0  0 14  0  0  0  0 16  0  0  0  0  0  0 43 44 45  0  0 56 
 0  0  0  0 16  0 16  0  0  0  0  0  0  0 14  0  0  0  0  0  0  0 14  0  0  0  0 16  0  0  0  0  0  0 56 57 58  0  0  0 
 0  0  0  0 16  0 16  0  0  0  0  0 17 18 37  0  0  0  0  0  0  0 14  0  0  0  0 16  0  0  0  0  0  0  0  0  0 50 51 51 
 0  0  0  0 16  0 16  0  0  0  0  0 14  0  0  0  0  0  0  0  0  0 14  0  0  0  0 36 18 19  0  0  0  0  0  0  0 43 44 44 
 0  0  0  0 16  0 16  0  0  0  0  0 14  0  0  0  0  0  0  0  0  0 14  0  0  0  0  0  0 16  0  0  0  0  0  0  0 43 44 44 
 0  0  0  0 16  0 16  0  0  0  0  0 14  0  0  0  0  0  0  0  0  0 14  0  0  0  0  0  0 16  0 53 54 55  0  0  0 56 57 57 
 0  0  0  0 16  0 16  0  0  0  0  0 14  0  0  0  0  0  0  0  0  0 14  0  0  0  0  0  0 16  0 43 44 45  0  0  0  0  0  0 
 0  0  0  0 16  0 16  0 40 41 42  0 14  0  0  0  0  0  0  0  0  0 14  0  0  0  0  0  0 16  0 43 44 45  0  0  0  0  0  0 
 0  0  0  0 16  0 16  0 43 44 45  0 11 12 38  0  0  0  0  0  0  0 11 12 38  0  0  0  0 16  0 59 60 61  0  0  0  0  0  0 
12 38  0  0 16  0 16  0 43 44 45  0  0  0 14  0  0  0  0  0  0  0  0  0 14  0  0  0  0 16  0  0  0  0  0  0  0  0  0  0 
 0 14  0  0 16  0 16  0 43 44 45  0  0  0 14  0  0  0  0  0  0  0  0  0 14  0  0  0  0 16  0  0  0  0  0  0  0  0  0  0 
18 37  0  0 16  0 16  0 56 57 58  0  0  0 14  0  0  0  0  0  0  0  0  0 14  0  0  0  0 16  0  0  0  0  0  0  0  0  0  0 
 0  0  0  0 16  0 16  0  0  0  0  0  0  0 14  0  0  0  0  0  0  0  0  0 14  0  0  0  0 16  0  0  0  0  0  0  0  0  0  0 
 0  0  0  0 16  0 16  0 17 18 19  0  0  0 14  0  0  0 53 54 55  0  0  0 14  0  0  0  0 16  0  0  0  0  0  0  0  0  0  0 
 0  0  0  0 16  0 16  0 14  0 16  0  0  0 14  0  0  0 59 60 61  0  0  0 14  0  0  0  0 16  0  0  0  0  0  0  0 53 54 54 
 0  0  0  0 16  0 36 18 37  0 16  0  0  0 11 12 38  0  0  0  0  0  0  0 14  0  0  0  0 16  0  0  0  0  0  0  0 43 44 44 
 7  8  9  0 16  0  0  0  0  0 36 18 18 19  0  0 14  0  0  0  0  0  0  0 14  0  0  0  0 16  0  0  0  0  0  0  0 43 44 44 
 4  0  6  0 16  0 35  2 34  0  0  0  0 16  0  0 14  0 17 18 19  0  0  0 14  0  0  0  0 16  0  0  0  0  0  0  0 59 60 60 
 4  0  6  0 16  0  6  0  4  0  0  0  0 16  0  0 14  0 14  0 16  0  0  0 14  0  0  0  0 36 18 18 18 18 19  0  0  0  0  0 
 4  0  6  0 16  0  6  0  4  0  0  0  0 16  0  0 14  0 14  0 16  0  0  0 14  0  0  0  0  0  0  0  0  0 16  0  0  0  0  0 
 4  0  6  0 16  0  6  0  4  0  0  0  0 16  0  0 14  0 14  0 16  0  0  0 14  0  0  0  0  0 39 12 38  0 16  0  0  0  0  0 
 4  0  6  0 16  0  6  0  4  0  0  0  0 16  0  0 14  0 14  0 16  0 17 18 37  0  0  0  0  0 16  0 14  0 16  0  0  0  0  0 
 4  0  6  0 16  0  6  0  4  0  0  0  0 16  0  0 14  0 14  0 16  0 14  0  0  0  0  0  0  0 16  0 14  0 16  0  0  0  0  0 
 4  0  6  0 16  0  6  0  4  0  0  0  0 16  0  0 14  0 14  0 16  0 14  0  0  0  0  0  0  0 16  0 14  0 16  0  0  0  0  0 
 4  0  6  0 16  0  6  0  4  0  0  0  0 16  0  0 14  0 14  0 16  0 14  0  0  0  0  0  0  0 16  0 14  0 16  0  0  0  0  0 
 4  0  6  0 16  0 32  8 33  0  0  0  0 16  0  0 14  0 14  0 16  0 14  0  0  0  0  0  0  0 16  0 14  0 36 18 18 19  0  0 
33  0  6  0 16  0  0  0  0  0  0  0  0 16  0  0 14  0 14  0 16  0 11 12 38  0  0  0  0  0 16  0 14  0  0  0  0 16  0 35 

 0  0  0  0  6  0  6  0  0  0  0  0  0  0  0  0 14  0  0  0  0  0  4  0  0  0  0  0  0  6  0  0  0  0  0  0  0  0  0  0 
 0  0  0  0  6  0  6  0  0  0  0  0  0  0  0  0 14  0  0  0  0  0  4  0  0  0  0  0  0  6  0  0  0  0  0  0  0  0  0  7 
 0  0  0  0  6  0  6  0  0  0  0  0  0  0  0  0 14  0  0  0  0  0  4  0  0  0  0  0  0  6  0  0  0  0  0  0  0  0  0  4 
 0  0  0  0  6  0  6  0  0  0  0  0  0  0  0  0 14  0  0  0  0  0  4  0  0  0  0  0  0  6  0  0  0  0  0  0  0  0  0  4 
 0  0  0  0  6  0  6  0  0  0  0  0  0  0 17 18 37  0  0  0  0  0  4  0  0  0  0  0  0  6  0  0  0  0  0  0  0  0  0  4 
 0  0  0  0  6  0  6  0  0  0  0  0  0  0 14  0  0  0  0  0  0  0  4  0  0  0  0  0  0  6  0  0  0  0  0  0  0  0  0  4 
 0  0  0  0  6  0  6  0  0  0  0  0  0  0 14  0  0  0  0  0  0  0  4  0  0  0  0  0  0  6  0  0  0  0  0  0  0  0  0  4 
54 55  0  0  6  0  6  0  0 53 54 54 55  0 14  0  0  0  0  0  0  0  4  0  0  0  0  0  0  6  0  0  0  0  0  0  0  0  0  1 
44 45  0  0  6  0  6  0  0 43 44 44 45  0 14  0  0  0  0  0  0  0  4  0  0  0  0 35  2  3  0  0  0  0  0  0  0  0  0  0 
44 45  0  0  6  0  6  0  0 43 44 44 45  0 14  0  0  0  0  0  0  0  4  0  0  0  0  6  0  0  0  0  0  0  0  0  0  0  0  0 
44 45  0  0  6  0  6  0  0 43 44 44 45  0 14  0  0  0  0  0  0  0  4  0  0  0  0  6  0  0  0  0  0  0  0  0  0  0  0  0 
44 45  0  0  6  0  6  0  0 43 44 44 45  0 14  0  0  0  0  0  0  0  4  0  0  0  0  6  0  0  0  0  0  0  0  0  0  0  0 53 
47 48  0  0  6  0  6  0  0 56 57 57 58  0 14  0  0  0  0  0  0  0  4  0  0  0  0  6  0  0  0  0  0  0 53 54 55  0  0 59 
 0  0  0  0  6  0  6  0  0  0  0  0  0  0 14  0  0  0  0  0  0  0  4  0  0  0  0  6  0  0  0  0  0  0 59 60 61  0  0  0 
 0  0  0  0  6  0  6  0  0  0  0  0  0  0 14  0  0  0  0  0  0  0  4  0  0  0  0  6  0  0  0  0  0  0  0  0  0  0  0  0 
 0  0  0  0  6  0  6  0  0  0  0  0 17 18 37  0  0  0  0  0  0  0  4  0  0  0  0  6  0  0  0  0  0  0  0  0  0  0  0  0 
 0  0  0  0  6  0  6  0  0  0  0  0 14  0  0  0  0  0  0  0  0  0  4  0  0  0  0 32  8  9  0  0  0  0  0  0  0 53 54 54 
 0  0  0  0  6  0  6  0  0  0  0  0 14  0  0  0  0  0  0  0  0  0  4  0  0  0  0  0  0  6  0  0  0  0  0  0  0 59 60 60 
 0  0  0  0  6  0  6  0  0  0  0  0 14  0  0  0  0  0  0  0  0  0  4  0  0  0  0  0  0  6  0  0  0  0  0  0  0  0  0  0 
 0  0  0  0  6  0  6  0  0  0  0  0 14  0  0  0  0  0  0  0  0  0  4  0  0  0  0  0  0  6  0 53 54 55  0  0  0  0  0  0 
 0  0  0  0  6  0  6  0 50 51 52  0 14  0  0  0  0  0  0  0  0  0  4  0  0  0  0  0  0  6  0 59 60 61  0  0  0  0  0  0 
 0  0  0  0  6  0  6  0 43 44 45  0 11 12 38  0  0  0  0  0  0  0  1  2 34  0  0  0  0  6  0  0  0  0  0  0  0  0  0  0 
12 38  0  0  6  0  6  0 43 44 45  0  0  0 14  0  0  0  0  0  0  0  0  0  4  0  0  0  0  6  0  0  0  0  0  0  0  0  0  0 
 0 14  0  0  6  0  6  0 59 60 61  0  0  0 14  0  0  0  0  0  0  0  0  0  4  0  0  0  0  6  0  0  0  0  0  0  0  0  0  0 
18 37  0  0  6  0  6  0  0  0  0  0  0  0 14  0  0  0  0  0  0  0  0  0  4  0  0  0  0  6  0  0  0  0  0  0  0  0  0  0 
 0  0  0  0  6  0  6  0  0  0  0  0  0  0 14  0  0  0  0  0  0  0  0  0  4  0  0  0  0  6  0  0  0  0  0  0  0  0  0  0 
 0  0  0  0  6  0  6  0  7  8  9  0  0  0 14  0  0  0  0  0  0  0  0  0  4  0  0  0  0  6  0  0  0  0  0  0  0  0  0  0 
 0  0  0  0  6  0  6  0  4  0  6  0  0  0 14  0  0  0  0  0  0  0  0  0  4  0  0  0  0  6  0  0  0  0  0  0  0  0  0  0 
 0  0  0  0  6  0 32  8 33  0  6  0  0  0 11 12 38  0  0  0  0  0  0  0  4  0  0  0  0  6  0  0  0  0  0  0  0 53 54 54 
 0  0  0  0  6  0  0  0  0  0 32  8  8  9  0  0 14  0  0  0  0  0  0  0  4  0  0  0  0  6  0  0  0  0  0  0  0 59 60 60 
 0  0  0  0  6  0  0  0  0  0  0  0  0  6  0  0 14  0  7  8  9  0  0  0  4  0  0  0  0  6  0  0  0  0  0  0  0  0  0  0 
 0  0  0  0  6  0  0  0  0  0  0  0  0  6  0  0 14  0  4  0  6  0  0  0  4  0  0  0  0 32  8  8  8  8  9  0  0  0  0  0 
 0  0  0  0  6  0  0  0  0  0  0  0  0  6  0  0 14  0  4  0  6  0  0  0  4  0  0  0  0  0  0  0  0  0  6  0  0  0  0  0 
 0  0  0  0  6  0  0  0  0  0  0  0  0  6  0  0 14  0  4  0  6  0  0  0  4  0  0  0  0  0 39 12 38  0  6  0  0  0  0  0 
 0  0  0  0  6  0  0  0  0  0  0  0  0  6  0  0 14  0  4  0  6  0  7  8 33  0  0  0  0  0 16  0 14  0  6  0  0  0  0  0 
 0  0  0  0  6  0  0  0  0  0  0  0  0  6  0  0 14  0  4  0  6  0  4  0  0  0  0  0  0  0 16  0 14  0  6  0  0  0  0  0 
 0  0  0  0  6  0  0  0  0  0  0  0  0  6  0  0 14  0  4  0  6  0  4  0  0  0  0  0  0  0 16  0 14  0  6  0  0  0  0  0 
 0  0  0  0  6  0  0  0  0  0  0  0  0  6  0  0 14  0  4  0  6  0  4  0  0  0  0  0  0  0 16  0 14  0  6  0  0  0  0  0 
 0  0  0  0  6  0  0  0  0  0  0  0  0  6  0  0 14  0  4  0  6  0  4  0  0  0  0  0  0  0 16  0 14  0 32  8  8  9  0  0 
 0  0  0  0  6  0  0  0  0  0  0  0  0  6  0  0 14  0  4  0  6  0  1  2 34  0  0  0  0  0 16  0 14  0  0  0  0  6  0  0 

 0  0  0  0  0  0  0  0  0  0  0  0  0  0  0  0 14  0  0  0  0  0  0  0  0  0  0  0  0  0  0  0  0  0  0  0  0  0  0  0 
 0  0  0  0  0  0  0  0  0  0  0  0  0  0  0  0 14  0  0  0  0  0  0  0  0  0  0  0  0  0  0  0  0  0  0  0  0  0  0  0 
 0  0  0  0  0  0  0  0  0  0  0  0  0  0  0  0 14  0  0  0  0  0  0  0  0  0  0  0  0  0  0  0  0  0  0  0  0  0  0  0 
 0  0  0  0  0  0  0  0  0  0  0  0  0  0  0  0 14  0  0  0  0  0  0  0  0  0  0  0  0  0  0  0  0  0  0  0  0  0  0  0 
 0  0  0  0  0  0  0  0  0  0  0  0  0  0 17 18 37  0  0  0  0  0  0  0  0  0  0  0  0  0  0  0  0  0  0  0  0  0  0  0 
 0  0  0  0  0  0  0  0  0  0  0  0  0  0 14  0  0  0  0  0  0  0  0  0  0  0  0  0  0  0  0  0  0  0  0  0  0  0  0  0 
 0  0  0  0  0  0  0  0  0  0  0  0  0  0 14  0  0  0  0  0  0  0  0  0  0  0  0  0  0  0  0  0  0  0  0  0  0  0  0  0 
 0  0  0  0  0  0  0  0  0  0  0  0  0  0 14  0  0  0  0  0  0  0  0  0  0  0  0  0  0  0  0  0  0  0  0  0  0  0  0  0 
54 55  0  0  0  0  0  0  0 53 54 54 55  0 14  0  0  0  0  0  0  0  0  0  0  0  0  0  0  0  0  0  0  0  0  0  0  0  0  0 
44 45  0  0  0  0  0  0  0 43 44 44 45  0 14  0  0  0  0  0  0  0  0  0  0  0  0  0  0  0  0  0  0  0  0  0  0  0  0  0 
44 45  0  0  0  0  0  0  0 43 44 44 45  0 14  0  0  0  0  0  0  0  0  0  0  0  0  0  0  0  0  0  0  0  0  0  0  0  0  0 
44 45  0  0  0  0  0  0  0 59 60 60 61  0 14  0  0  0  0  0  0  0  0  0  0  0  0  0  0  0  0  0  0  0  0  0  0  0  0  0 
47 48  0  0  0  0  0  0  0  0  0  0  0  0 14  0  0  0  0  0  0  0  0  0  0  0  0  0  0  0  0  0  0  0  0  0  0  0  0  0 
 0  0  0  0  0  0  0  0  0  0  0  0  0  0 14  0  0  0  0  0  0  0  0  0  0  0  0  0  0  0  0  0  0  0  0  0  0  0  0  0 
 0  0  0  0  0  0  0  0  0  0  0  0  0  0 14  0  0  0  0  0  0  0  0  0  0  0  0  0  0  0  0  0  0  0  0  0  0  0  0  0 
 0  0  0  0  0  0  0  0  0  0  0  0 17 18 37  0  0  0  0  0  0  0  0  0  0  0  0  0  0  0  0  0  0  0  0  0  0  0  0  0 
 0  0  0  0  0  0  0  0  0  0  0  0 14  0  0  0  0  0  0  0  0  0  0  0  0  0  0  0  0  0  0  0  0  0  0  0  0  0  0  0 
 0  0  0  0  0  0  0  0  0  0  0  0 14  0  0  0  0  0  0  0  0  0  0  0  0  0  0  0  0  0  0  0  0  0  0  0  0  0  0  0 
 0  0  0  0  0  0  0  0  0  0  0  0 14  0  0  0  0  0  0  0  0  0  0  0  0  0  0  0  0  0  0  0  0  0  0  0  0  0  0  0 
 0  0  0  0  0  0  0  0  0  0  0  0 14  0  0  0  0  0  0  0  0  0  0  0  0  0  0  0  0  0  0  0  0  0  0  0  0  0  0  0 
 0  0  0  0  0  0  0  0  0  0  0  0 14  0  0  0  0  0  0  0  0  0  0  0  0  0  0  0  0  0  0  0  0  0  0  0  0  0  0  0 
 0  0  0  0  0  0  0  0 53 54 55  0 11 12 38  0  0  0  0  0  0  0  0  0  0  0  0  0  0  0  0  0  0  0  0  0  0  0  0  0 
12 38  0  0  0  0  0  0 59 60 61  0  0  0 14  0  0  0  0  0  0  0  0  0  0  0  0  0  0  0  0  0  0  0  0  0  0  0  0  0 
 0 14  0  0  0  0  0  0  0  0  0  0  0  0 14  0  0  0  0  0  0  0  0  0  0  0  0  0  0  0  0  0  0  0  0  0  0  0  0  0 
18 37  0  0  0  0  0  0  0  0  0  0  0  0 14  0  0  0  0  0  0  0  0  0  0  0  0  0  0  0  0  0  0  0  0  0  0  0  0  0 
 0  0  0  0  0  0  0  0  0  0  0  0  0  0 14  0  0  0  0  0  0  0  0  0  0  0  0  0  0  0  0  0  0  0  0  0  0  0  0  0 
 0  0  0  0  0  0  0  0  0  0  0  0  0  0 14  0  0  0  0  0  0  0  0  0  0  0  0  0  0  0  0  0  0  0  0  0  0  0  0  0 
 0  0  0  0  0  0  0  0  0  0  0  0  0  0 14  0  0  0  0  0  0  0  0  0  0  0  0  0  0  0  0  0  0  0  0  0  0  0  0  0 
 0  0  0  0  0  0  0  0  0  0  0  0  0  0 11 12 38  0  0  0  0  0  0  0  0  0  0  0  0  0  0  0  0  0  0  0  0  0  0  0 
 0  0  0  0  0  0  0  0  0  0  0  0  0  0  0  0 14  0  0  0  0  0  0  0  0  0  0  0  0  0  0  0  0  0  0  0  0  0  0  0 
 0  0  0  0  0  0  0  0  0  0  0  0  0  0  0  0 14  0  0  0  0  0  0  0  0  0  0  0  0  0  0  0  0  0  0  0  0  0  0  0 
 0  0  0  0  0  0  0  0  0  0  0  0  0  0  0  0 14  0  0  0  0  0  0  0  0  0  0  0  0  0  0  0  0  0  0  0  0  0  0  0 
 0  0  0  0  0  0  0  0  0  0  0  0  0  0  0  0 14  0  0  0  0  0  0  0  0  0  0  0  0  0  0  0  0  0  0  0  0  0  0  0 
 0  0  0  0  0  0  0  0  0  0  0  0  0  0  0  0 14  0  0  0  0  0  0  0  0  0  0  0  0  0 39 12 38  0  0  0  0  0  0  0 
 0  0  0  0  0  0  0  0  0  0  0  0  0  0  0  0 14  0  0  0  0  0  0  0  0  0  0  0  0  0 16  0 14  0  0  0  0  0  0  0 
 0  0  0  0  0  0  0  0  0  0  0  0  0  0  0  0 14  0  0  0  0  0  0  0  0  0  0  0  0  0 16  0 14  0  0  0  0  0  0  0 
 0  0  0  0  0  0  0  0  0  0  0  0  0  0  0  0 14  0  0  0  0  0  0  0  0  0  0  0  0  0 16  0 14  0  0  0  0  0  0  0 
 0  0  0  0  0  0  0  0  0  0  0  0  0  0  0  0 14  0  0  0  0  0  0  0  0  0  0  0  0  0 16  0 14  0  0  0  0  0  0  0 
 0  0  0  0  0  0  0  0  0  0  0  0  0  0  0  0 14  0  0  0  0  0  0  0  0  0  0  0  0  0 16  0 14  0  0  0  0  0  0  0 
 0  0  0  0  0  0  0  0  0  0  0  0  0  0  0  0 14  0  0  0  0  0  0  0  0  0  0  0  0  0 16  0 14  0  0  0  0  0  0  0 

 0  0  0  0  0  0  0  0  0  0  0  0  0  0  0  0 14  0  0  0  0  0  0  0  0  0  0  0  0  0  0  0  0  0  0  0  0  0  0  0 
 0  0  0  0  0  0  0  0  0  0  0  0  0  0  0  0 14  0  0  0  0  0  0  0  0  0  0  0  0  0  0  0  0  0  0  0  0  0  0  0 
 0  0  0  0  0  0  0  0  0  0  0  0  0  0  0  0 14  0  0  0  0  0  0  0  0  0  0  0  0  0  0  0  0  0  0  0  0  0  0  0 
 0  0  0  0  0  0  0  0  0  0  0  0  0  0  0  0 14  0  0  0  0  0  0  0  0  0  0  0  0  0  0  0  0  0  0  0  0  0  0  0 
 0  0  0  0  0  0  0  0  0  0  0  0  0  0 17 18 37  0  0  0  0  0  0  0  0  0  0  0  0  0  0  0  0  0  0  0  0  0  0  0 
 0  0  0  0  0  0  0  0  0  0  0  0  0  0 14  0  0  0  0  0  0  0  0  0  0  0  0  0  0  0  0  0  0  0  0  0  0  0  0  0 
 0  0  0  0  0  0  0  0  0  0  0  0  0  0 14  0  0  0  0  0  0  0  0  0  0  0  0  0  0  0  0  0  0  0  0  0  0  0  0  0 
 0  0  0  0  0  0  0  0  0  0  0  0  0  0 14  0  0  0  0  0  0  0  0  0  0  0  0  0  0  0  0  0  0  0  0  0  0  0  0  0 
 0  0  0  0  0  0  0  0  0  0  0  0  0  0 14  0  0  0  0  0  0  0  0  0  0  0  0  0  0  0  0  0  0  0  0  0  0  0  0  0 
54 55  0  0  0  0  0  0  0 53 54 54 55  0 14  0  0  0  0  0  0  0  0  0  0  0  0  0  0  0  0  0  0  0  0  0  0  0  0  0 
44 45  0  0  0  0  0  0  0 59 60 60 61  0 14  0  0  0  0  0  0  0  0  0  0  0  0  0  0  0  0  0  0  0  0  0  0  0  0  0 
44 45  0  0  0  0  0  0  0  0  0  0  0  0 14  0  0  0  0  0  0  0  0  0  0  0  0  0  0  0  0  0  0  0  0  0  0  0  0  0 
57 58  0  0  0  0  0  0  0  0  0  0  0  0 14  0  0  0  0  0  0  0  0  0  0  0  0  0  0  0  0  0  0  0  0  0  0  0  0  0 
 0  0  0  0  0  0  0  0  0  0  0  0  0  0 14  0  0  0  0  0  0  0  0  0  0  0  0  0  0  0  0  0  0  0  0  0  0  0  0  0 
 0  0  0  0  0  0  0  0  0  0  0  0  0  0 14  0  0  0  0  0  0  0  0  0  0  0  0  0  0  0  0  0  0  0  0  0  0  0  0  0 
 0  0  0  0  0  0  0  0  0  0  0  0 17 18 37  0  0  0  0  0  0  0  0  0  0  0  0  0  0  0  0  0  0  0  0  0  0  0  0  0 
 0  0  0  0  0  0  0  0  0  0  0  0 14  0  0  0  0  0  0  0  0  0  0  0  0  0  0  0  0  0  0  0  0  0  0  0  0  0  0  0 
 0  0  0  0  0  0  0  0  0  0  0  0 14  0  0  0  0  0  0  0  0  0  0  0  0  0  0  0  0  0  0  0  0  0  0  0  0  0  0  0 
 0  0  0  0  0  0  0  0  0  0  0  0 14  0  0  0  0  0  0  0  0  0  0  0  0  0  0  0  0  0  0  0  0  0  0  0  0  0  0  0 
 0  0  0  0  0  0  0  0  0  0  0  0 14  0  0  0  0  0  0  0  0  0  0  0  0  0  0  0  0  0  0  0  0  0  0  0  0  0  0  0 
 0  0  0  0  0  0  0  0  0  0  0  0 14  0  0  0  0  0  0  0  0  0  0  0  0  0  0  0  0  0  0  0  0  0  0  0  0  0  0  0 
 0  0  0  0  0  0  0  0  0  0  0  0 11 12 38  0  0  0  0  0  0  0  0  0  0  0  0  0  0  0  0  0  0  0  0  0  0  0  0  0 
12 38  0  0  0  0  0  0  0  0  0  0  0  0 14  0  0  0  0  0  0  0  0  0  0  0  0  0  0  0  0  0  0  0  0  0  0  0  0  0 
 0 14  0  0  0  0  0  0  0  0  0  0  0  0 14  0  0  0  0  0  0  0  0  0  0  0  0  0  0  0  0  0  0  0  0  0  0  0  0  0 
18 37  0  0  0  0  0  0  0  0  0  0  0  0 14  0  0  0  0  0  0  0  0  0  0  0  0  0  0  0  0  0  0  0  0  0  0  0  0  0 
 0  0  0  0  0  0  0  0  0  0  0  0  0  0 14  0  0  0  0  0  0  0  0  0  0  0  0  0  0  0  0  0  0  0  0  0  0  0  0  0 
 0  0  0  0  0  0  0  0  0  0  0  0  0  0 14  0  0  0  0  0  0  0  0  0  0  0  0  0  0  0  0  0  0  0  0  0  0  0  0  0 
 0  0  0  0  0  0  0  0  0  0  0  0  0  0 14  0  0  0  0  0  0  0  0  0  0  0  0  0  0  0  0  0  0  0  0  0  0  0  0  0 
 0  0  0  0  0  0  0  0  0  0  0  0  0  0 11 12 38  0  0  0  0  0  0  0  0  0  0  0  0  0  0  0  0  0  0  0  0  0  0  0 
 0  0  0  0  0  0  0  0  0  0  0  0  0  0  0  0 14  0  0  0  0  0  0  0  0  0  0  0  0  0  0  0  0  0  0  0  0  0  0  0 
 0  0  0  0  0  0  0  0  0  0  0  0  0  0  0  0 14  0  0  0  0  0  0  0  0  0  0  0  0  0  0  0  0  0  0  0  0  0  0  0 
 0  0  0  0  0  0  0  0  0  0  0  0  0  0  0  0 14  0  0  0  0  0  0  0  0  0  0  0  0  0  0  0  0  0  0  0  0  0  0  0 
 0  0  0  0  0  0  0  0  0  0  0  0  0  0  0  0 14  0  0  0  0  0  0  0  0  0  0  0  0  0  0  0  0  0  0  0  0  0  0  0 
 0  0  0  0  0  0  0  0  0  0  0  0  0  0  0  0 14  0  0  0  0  0  0  0  0  0  0  0  0  0 39 12 38  0  0  0  0  0  0  0 
 0  0  0  0  0  0  0  0  0  0  0  0  0  0  0  0 14  0  0  0  0  0  0  0  0  0  0  0  0  0 16  0 14  0  0  0  0  0  0  0 
 0  0  0  0  0  0  0  0  0  0  0  0  0  0  0  0 14  0  0  0  0  0  0  0  0  0  0  0  0  0 16  0 14  0  0  0  0  0  0  0 
 0  0  0  0  0  0  0  0  0  0  0  0  0  0  0  0 14  0  0  0  0  0  0  0  0  0  0  0  0  0 16  0 14  0  0  0  0  0  0  0 
 0  0  0  0  0  0  0  0  0  0  0  0  0  0  0  0 14  0  0  0  0  0  0  0  0  0  0  0  0  0 16  0 14  0  0  0  0  0  0  0 
 0  0  0  0  0  0  0  0  0  0  0  0  0  0  0  0 14  0  0  0  0  0  0  0  0  0  0  0  0  0 16  0 14  0  0  0  0  0  0  0 
 0  0  0  0  0  0  0  0  0  0  0  0  0  0  0  0 14  0  0  0  0  0  0  0  0  0  0  0  0  0 16  0 14  0  0  0  0  0  0  0 

 0  0  0  0  0  0  0  0  0  0  0  0  0  0  0  0  4  0  0  0  0  0  0  0  0  0  0  0  0  0  0  0  0  0  0  0  0  0  0  0 
 0  0  0  0  0  0  0  0  0  0  0  0  0  0  0  0  4  0  0  0  0  0  0  0  0  0  0  0  0  0  0  0  0  0  0  0  0  0  0  0 
 0  0  0  0  0  0  0  0  0  0  0  0  0  0  0  0  4  0  0  0  0  0  0  0  0  0  0  0  0  0  0  0  0  0  0  0  0  0  0  0 
 0  0  0  0  0  0  0  0  0  0  0  0  0  0  0  0  4  0  0  0  0  0  0  0  0  0  0  0  0  0  0  0  0  0  0  0  0  0  0  0 
 0  0  0  0  0  0  0  0  0  0  0  0  0  0  7  8 33  0  0  0  0  0  0  0  0  0  0  0  0  0  0  0  0  0  0  0  0  0  0  0 
 0  0  0  0  0  0  0  0  0  0  0  0  0  0  4  0  0  0  0  0  0  0  0  0  0  0  0  0  0  0  0  0  0  0  0  0  0  0  0  0 
 0  0  0  0  0  0  0  0  0  0  0  0  0  0  4  0  0  0  0  0  0  0  0  0  0  0  0  0  0  0  0  0  0  0  0  0  0  0  0  0 
 0  0  0  0  0  0  0  0  0  0  0  0  0  0  4  0  0  0  0  0  0  0  0  0  0  0  0  0  0  0  0  0  0  0  0  0  0  0  0  0 
 0  0  0  0  0  0  0  0  0  0  0  0  0  0  4  0  0  0  0  0  0  0  0  0  0  0  0  0  0  0  0  0  0  0  0  0  0  0  0  0 
 0  0  0  0  0  0  0  0  0  0  0  0  0  0  4  0  0  0  0  0  0  0  0  0  0  0  0  0  0  0  0  0  0  0  0  0  0  0  0  0 
54 55  0  0  0  0  0  0  0  0  0  0  0  0  4  0  0  0  0  0  0  0  0  0  0  0  0  0  0  0  0  0  0  0  0  0  0  0  0  0 
60 61  0  0  0  0  0  0  0  0  0  0  0  0  4  0  0  0  0  0  0  0  0  0  0  0  0  0  0  0  0  0  0  0  0  0  0  0  0  0 
 0  0  0  0  0  0  0  0  0  0  0  0  0  0  4  0  0  0  0  0  0  0  0  0  0  0  0  0  0  0  0  0  0  0  0  0  0  0  0  0 
 0  0  0  0  0  0  0  0  0  0  0  0  0  0  4  0  0  0  0  0  0  0  0  0  0  0  0  0  0  0  0  0  0  0  0  0  0  0  0  0 
 0  0  0  0  0  0  0  0  0  0  0  0  0  0  4  0  0  0  0  0  0  0  0  0  0  0  0  0  0  0  0  0  0  0  0  0  0  0  0  0 
 0  0  0  0  0  0  0  0  0  0  0  0  7  8 33  0  0  0  0  0  0  0  0  0  0  0  0  0  0  0  0  0  0  0  0  0  0  0  0  0 
 0  0  0  0  0  0  0  0  0  0  0  0  4  0  0  0  0  0  0  0  0  0  0  0  0  0  0  0  0  0  0  0  0  0  0  0  0  0  0  0 
 0  0  0  0  0  0  0  0  0  0  0  0  4  0  0  0  0  0  0  0  0  0  0  0  0  0  0  0  0  0  0  0  0  0  0  0  0  0  0  0 
 0  0  0  0  0  0  0  0  0  0  0  0  4  0  0  0  0  0  0  0  0  0  0  0  0  0  0  0  0  0  0  0  0  0  0  0  0  0  0  0 
 0  0  0  0  0  0  0  0  0  0  0  0  4  0  0  0  0  0  0  0  0  0  0  0  0  0  0  0  0  0  0  0  0  0  0  0  0  0  0  0 
 0  0  0  0  0  0  0  0  0  0  0  0  4  0  0  0  0  0  0  0  0  0  0  0  0  0  0  0  0  0  0  0  0  0  0  0  0  0  0  0 
 0  0  0  0  0  0  0  0  0  0  0  0  1  2 34  0  0  0  0  0  0  0  0  0  0  0  0  0  0  0  0  0  0  0  0  0  0  0  0  0 
 2 34  0  0  0  0  0  0  0  0  0  0  0  0  4  0  0  0  0  0  0  0  0  0  0  0  0  0  0  0  0  0  0  0  0  0  0  0  0  0 
 0  4  0  0  0  0  0  0  0  0  0  0  0  0  4  0  0  0  0  0  0  0  0  0  0  0  0  0  0  0  0  0  0  0  0  0  0  0  0  0 
 8 33  0  0  0  0  0  0  0  0  0  0  0  0  4  0  0  0  0  0  0  0  0  0  0  0  0  0  0  0  0  0  0  0  0  0  0  0  0  0 
 0  0  0  0  0  0  0  0  0  0  0  0  0  0  4  0  0  0  0  0  0  0  0  0  0  0  0  0  0  0  0  0  0  0  0  0  0  0  0  0 
 0  0  0  0  0  0  0  0  0  0  0  0  0  0  4  0  0  0  0  0  0  0  0  0  0  0  0  0  0  0  0  0  0  0  0  0  0  0  0  0 
 0  0  0  0  0  0  0  0  0  0  0  0  0  0  4  0  0  0  0  0  0  0  0  0  0  0  0  0  0  0  0  0  0  0  0  0  0  0  0  0 
 0  0  0  0  0  0  0  0  0  0  0  0  0  0  1  2 34  0  0  0  0  0  0  0  0  0  0  0  0  0  0  0  0  0  0  0  0  0  0  0 
 0  0  0  0  0  0  0  0  0  0  0  0  0  0  0  0  4  0  0  0  0  0  0  0  0  0  0  0  0  0  0  0  0  0  0  0  0  0  0  0 
 0  0  0  0  0  0  0  0  0  0  0  0  0  0  0  0  4  0  0  0  0  0  0  0  0  0  0  0  0  0  0  0  0  0  0  0  0  0  0  0 
 0  0  0  0  0  0  0  0  0  0  0  0  0  0  0  0  4  0  0  0  0  0  0  0  0  0  0  0  0  0  0  0  0  0  0  0  0  0  0  0 
 0  0  0  0  0  0  0  0  0  0  0  0  0  0  0  0  4  0  0  0  0  0  0  0  0  0  0  0  0  0  0  0  0  0  0  0  0  0  0  0 
 0  0  0  0  0  0  0  0  0  0  0  0  0  0  0  0  4  0  0  0  0  0  0  0  0  0  0  0  0  0 35  2 34  0  0  0  0  0  0  0 
 0  0  0  0  0  0  0  0  0  0  0  0  0  0  0  0  4  0  0  0  0  0  0  0  0  0  0  0  0  0  6  0  4  0  0  0  0  0  0  0 
 0  0  0  0  0  0  0  0  0  0  0  0  0  0  0  0  4  0  0  0  0  0  0  0  0  0  0  0  0  0  6  0  4  0  0  0  0  0  0  0 
 0  0  0  0  0  0  0  0  0  0  0  0  0  0  0  0  4  0  0  0  0  0  0  0  0  0  0  0  0  0  6  0  4  0  0  0  0  0  0  0 
 0  0  0  0  0  0  0  0  0  0  0  0  0  0  0  0  4  0  0  0  0  0  0  0  0  0  0  0  0  0  6  0  4  0  0  0  0  0  0  0 
 0  0  0  0  0  0  0  0  0  0  0  0  0  0  0  0  4  0  0  0  0  0  0  0  0  0  0  0  0  0  6  0  4  0  0  0  0  0  0  0 
 0  0  0  0  0  0  0  0  0  0  0  0  0  0  0  0  4  0  0  0  0  0  0  0  0  0  0  0  0  0  6  0  4  0  0  0  0  0  0  0 

 0  0  0  0  0  0  0  0  0  0  0  0  0  0  0  0  0  0  0  0  0  0  0  0  0  0  0  0  0  0  0  0  0  0  0  0  0  0  0  0 
 0  0  0  0  0  0  0  0  0  0  0  0  0  0  0  0  0  0  0  0  0  0  0  0  0  0  0  0  0  0  0  0  0  0  0  0  0  0  0  0 
 0  0  0  0  0  0  0  0  0  0  0  0  0  0  0  0  0  0  0  0  0  0  0  0  0  0  0  0  0  0  0  0  0  0  0  0  0  0  0  0 
 0  0  0  0  0  0  0  0  0  0  0  0  0  0  0  0  0  0  0  0  0  0  0  0  0  0  0  0  0  0  0  0  0  0  0  0  0  0  0  0 
 0  0  0  0  0  0  0  0  0  0  0  0  0  0  0  0  0  0  0  0  0  0  0  0  0  0  0  0  0  0  0  0  0  0  0  0  0  0  0  0 
 0  0  0  0  0  0  0  0  0  0  0  0  0  0  0  0  0  0  0  0  0  0  0  0  0  0  0  0  0  0  0  0  0  0  0  0  0  0  0  0 
 0  0  0  0  0  0  0  0  0  0  0  0  0  0  0  0  0  0  0  0  0  0  0  0  0  0  0  0  0  0  0  0  0  0  0  0  0  0  0  0 
 0  0  0  0  0  0  0  0  0  0  0  0  0  0  0  0  0  0  0  0  0  0  0  0  0  0  0  0  0  0  0  0  0  0  0  0  0  0  0  0 
 0  0  0  0  0  0  0  0  0  0  0  0  0  0  0  0  0  0  0  0  0  0  0  0  0  0  0  0  0  0  0  0  0  0  0  0  0  0  0  0 
 0  0  0  0  0  0  0  0  0  0  0  0  0  0  0  0  0  0  0  0  0  0  0  0  0  0  0  0  0  0  0  0  0  0  0  0  0  0  0  0 
 0  0  0  0  0  0  0  0  0  0  0  0  0  0  0  0  0  0  0  0  0  0  0  0  0  0  0  0  0  0  0  0  0  0  0  0  0  0  0  0 
 0  0  0  0  0  0  0  0  0  0  0  0  0  0  0  0  0  0  0  0  0  0  0  0  0  0  0  0  0  0  0  0  0  0  0  0  0  0  0  0 
 0  0  0  0  0  0  0  0  0  0  0  0  0  0  0  0  0  0  0  0  0  0  0  0  0  0  0  0  0  0  0  0  0  0  0  0  0  0  0  0 
 0  0  0  0  0  0  0  0  0  0  0  0  0  0  0  0  0  0  0  0  0  0  0  0  0  0  0  0  0  0  0  0  0  0  0  0  0  0  0  0 
 0  0  0  0  0  0  0  0  0  0  0  0  0  0  0  0  0  0  0  0  0  0  0  0  0  0  0  0  0  0  0  0  0  0  0  0  0  0  0  0 
 0  0  0  0  0  0  0  0  0  0  0  0  0  0  0  0  0  0  0  0  0  0  0  0  0  0  0  0  0  0  0  0  0  0  0  0  0  0  0  0 
 0  0  0  0  0  0  0  0  0  0  0  0  0  0  0  0  0  0  0  0  0  0  0  0  0  0  0  0  0  0  0  0  0  0  0  0  0  0  0  0 
 0  0  0  0  0  0  0  0  0  0  0  0  0  0  0  0  0  0  0  0  0  0  0  0  0  0  0  0  0  0  0  0  0  0  0  0  0  0  0  0 
 0  0  0  0  0  0  0  0  0  0  0  0  0  0  0  0  0  0  0  0  0  0  0  0  0  0  0  0  0  0  0  0  0  0  0  0  0  0  0  0 
 0  0  0  0  0  0  0  0  0  0  0  0  0  0  0  0  0  0  0  0  0  0  0  0  0  0  0  0  0  0  0  0  0  0  0  0  0  0  0  0 
 0  0  0  0  0  0  0  0  0  0  0  0  0  0  0  0  0  0  0  0  0  0  0  0  0  0  0  0  0  0  0  0  0  0  0  0  0  0  0  0 
 0  0  0  0  0  0  0  0  0  0  0  0  0  0  0  0  0  0  0  0  0  0  0  0  0  0  0  0  0  0  0  0  0  0  0  0  0  0  0  0 
 0  0  0  0  0  0  0  0  0  0  0  0  0  0  0  0  0  0  0  0  0  0  0  0  0  0  0  0  0  0  0  0  0  0  0  0  0  0  0  0 
 0  0  0  0  0  0  0  0  0  0  0  0  0  0  0  0  0  0  0  0  0  0  0  0  0  0  0  0  0  0  0  0  0  0  0  0  0  0  0  0 
 0  0  0  0  0  0  0  0  0  0  0  0  0  0  0  0  0  0  0  0  0  0  0  0  0  0  0  0  0  0  0  0  0  0  0  0  0  0  0  0 
 0  0  0  0  0  0  0  0  0  0  0  0  0  0  0  0  0  0  0  0  0  0  0  0  0  0  0  0  0  0  0  0  0  0  0  0  0  0  0  0 
 0  0  0  0  0  0  0  0  0  0  0  0  0  0  0  0  0  0  0  0  0  0  0  0  0  0  0  0  0  0  0  0  0  0  0  0  0  0  0  0 
 0  0  0  0  0  0  0  0  0  0  0  0  0  0  0  0  0  0  0  0  0  0  0  0  0  0  0  0  0  0  0  0  0  0  0  0  0  0  0  0 
 0  0  0  0  0  0  0  0  0  0  0  0  0  0  0  0  0  0  0  0  0  0  0  0  0  0  0  0  0  0  0  0  0  0  0  0  0  0  0  0 
 0  0  0  0  0  0  0  0  0  0  0  0  0  0  0  0  0  0  0  0  0  0  0  0  0  0  0  0  0  0  0  0  0  0  0  0  0  0  0  0 
 0  0  0  0  0  0  0  0  0  0  0  0  0  0  0  0  0  0  0  0  0  0  0  0  0  0  0  0  0  0  0  0  0  0  0  0  0  0  0  0 
 0  0  0  0  0  0  0  0  0  0  0  0  0  0  0  0  0  0  0  0  0  0  0  0  0  0  0  0  0  0  0  0  0  0  0  0  0  0  0  0 
 0  0  0  0  0  0  0  0  0  0  0  0  0  0  0  0  0  0  0  0  0  0  0  0  0  0  0  0  0  0  0  0  0  0  0  0  0  0  0  0 
 0  0  0  0  0  0  0  0  0  0  0  0  0  0  0  0  0  0  0  0  0  0  0  0  0  0  0  0  0  0  0  0  0  0  0  0  0  0  0  0 
 0  0  0  0  0  0  0  0  0  0  0  0  0  0  0  0  0  0  0  0  0  0  0  0  0  0  0  0  0  0  0  0  0  0  0  0  0  0  0  0 
 0  0  0  0  0  0  0  0  0  0  0  0  0  0  0  0  0  0  0  0  0  0  0  0  0  0  0  0  0  0  0  0  0  0  0  0  0  0  0  0 
 0  0  0  0  0  0  0  0  0  0  0  0  0  0  0  0  0  0  0  0  0  0  0  0  0  0  0  0  0  0  0  0  0  0  0  0  0  0  0  0 
 0  0  0  0  0  0  0  0  0  0  0  0  0  0  0  0  0  0  0  0  0  0  0  0  0  0  0  0  0  0  0  0  0  0  0  0  0  0  0  0 
 0  0  0  0  0  0  0  0  0  0  0  0  0  0  0  0  0  0  0  0  0  0  0  0  0  0  0  0  0  0  0  0  0  0  0  0  0  0  0  0 
 0  0  0  0  0  0  0  0  0  0  0  0  0  0  0  0  0  0  0  0  0  0  0  0  0  0  0  0  0  0  0  0  0  0  0  0  0  0  0  0 

<Objects>
somethin'
$castle9
$snow9
#
somethin'
$castle4
$snow4
#
somethin'
$castle1
$snow1
#
somethin'
$castle8
$snow8
#
somethin'
$underground
#
somethin'
$castle2
$snow2
#
somethin'
$castle7
$snow7
#
somethin'
$castle6
$snow6
#
somethin'
$castle3
$snow3
#
somethin'10
$underground
#
somethin'1
$round
#
somethin'2
$wall
#
somethin'3
$round
#
somethin'4
$2wall
#
somethin'5
$round
#
somethin'6
$4wall
#
somethin'7
$round
#
somethin'8
$3wall
#
somethin'9
$round
#
tree20
$tree
#
ground
$ground
#
22
$ground1
#
23
$ground2
#
24
$ground3
#
25
$ground6
#
26
$ground7
#
27
$ground9
#
28
$gateA
$3gateB
#
29
$gateA01
$2gateB
#
30
$gateA
$1gateB
#
31
$gateA01
$4gateB
#
32
$quarter
$quarters
#
33
$quarter01
$quarters01
#
34
$quarter02
$quarters02
#
35
$quarter03
$quarters03
#
36
$round
#
37
$round
#
38
$round
#
39
$round
#
40
$1round
$block
#
41
$block
#
42
$7round
$block
#
43
$block
#
44
#
45
$block
#
46
$3round
$block
#
47
$block
#
48
$9round
$block
#
49
$Box
#
50
$1tower
$1towers
$frontd
$fronte
$frontf
$frontt
$1side
$1sides
$rooft
#
51
$1side
$1sides
$rooft
#
52
$7tower
$7towers
$backd
$backe
$backf
$backt
$1side
$1sides
$rooft
#
53
$frontd
$fronte
$frontf
$frontt
#
54
$rooft
#
55
$backd
$backe
$backf
$backt
#
56
$3tower
$3towers
$fronta
$frontb
$frontc
$fronts
$side
$sides
$roofs
#
57
$side
$sides
$roofs
#
58
$9tower
$9towers
$backa
$backb
$backc
$backs
$side
$sides
$roofs
#
59
$fronta
$frontb
$frontc
$fronts
#
60
$roofs
#
61
$backa
$backb
$backc
$backs
#