Model generated using Paul Merrell's model synthesis algorithm.  Do not insert or delete lines from this file.

x, y, and z extents
40 40 10

 5  5  5  5  5  5  5  5  5  5  5  5  5  5  5  5  5  5  5  5  5  5  5  5  5  5  5  5  5  5  5  5  5  5  5  5  5  5  5  5 
 5  5  5  5  5  5  5  5  5  5  5  5  5  5  5  5  5  5  5  5  5  5  5  5  5  5  5  5  5  5  5  5  5  5  5  5  5  5  5  5 
 5  5  5  5  5  5  5  5  5  5  5  5  5  5  5  5  5  5  5  5  5  5  5  5  5  5  5  5  5  5  5  5  5  5  5  5  5  5  5  5 
 5  5  5  5  5  5  5  5  5  5  5  5  5  5  5  5  5  5  5  5  5  5  5  5  5  5  5  5  5  5  5  5  5  5  5  5  5  5  5  5 
 5  5  5  5  5  5  5  5  5  5  5  5  5  5  5  5  5  5  5  5  5  5  5  5  5  5  5  5  5  5  5  5  5  5  5  5  5  5  5  5 
 5  5  5  5  5  5  5  5  5  5  5  5  5  5  5  5  5  5  5  5  5  5  5  5  5  5  5  5  5  5  5  5  5  5  5  5  5  5  5  5 
 5  5  5  5  5  5  5  5  5  5  5  5  5  5  5  5  5  5  5  5  5  5  5  5  5  5  5  5  5  5  5  5  5  5  5  5  5  5  5  5 
 5  5  5  5  5  5  5  5  5  5  5  5  5  5  5  5  5  5  5  5  5  5  5  5  5  5  5  5  5  5  5  5  5  5  5  5  5  5  5  5 
 5  5  5  5  5  5  5  5  5  5  5  5  5  5  5  5  5  5  5  5  5  5  5  5  5  5  5  5  5  5  5  5  5  5  5  5  5  5  5  5 
 5  5  5  5  5  5  5  5  5  5  5  5  5  5  5  5  5  5  5  5  5  5  5  5  5  5  5  5  5  5  5  5  5  5  5  5  5  5  5  5 
 5  5  5  5  5  5  5  5  5  5  5  5  5  5  5  5  5  5  5  5  5  5  5  5  5  5  5  5  5  5  5  5  5  5  5  5  5  5  5  5 
 5  5  5  5  5  5  5  5  5  5  5  5  5  5  5  5  5  5  5  5  5  5  5  5  5  5  5  5  5  5  5  5  5  5  5  5  5  5  5  5 
 5  5  5  5  5  5  5  5  5  5  5  5  5  5  5  5  5  5  5  5  5  5  5  5  5  5  5  5  5  5  5  5  5  5  5  5  5  5  5  5 
 5  5  5  5  5  5  5  5  5  5  5  5  5  5  5  5  5  5  5  5  5  5  5  5  5  5  5  5  5  5  5  5  5  5  5  5  5  5  5  5 
 5  5  5  5  5  5  5  5  5  5  5  5  5  5  5  5  5  5  5  5  5  5  5  5  5  5  5  5  5  5  5  5  5  5  5  5  5  5  5  5 
 5  5  5  5  5  5  5  5  5  5  5  5  5  5  5  5  5  5  5  5  5  5  5  5  5  5  5  5  5  5  5  5  5  5  5  5  5  5  5  5 
 5  5  5  5  5  5  5  5  5  5  5  5  5  5  5  5  5  5  5  5  5  5  5  5  5  5  5  5  5  5  5  5  5  5  5  5  5  5  5  5 
 5  5  5  5  5  5  5  5  5  5  5  5  5  5  5  5  5  5  5  5  5  5  5  5  5  5  5  5  5  5  5  5  5  5  5  5  5  5  5  5 
 5  5  5  5  5  5  5  5  5  5  5  5  5  5  5  5  5  5  5  5  5  5  5  5  5  5  5  5  5  5  5  5  5  5  5  5  5  5  5  5 
 5  5  5  5  5  5  5  5  5  5  5  5  5  5  5  5  5  5  5  5  5  5  5  5  5  5  5  5  5  5  5  5  5  5  5  5  5  5  5  5 
 5  5  5  5  5  5  5  5  5  5  5  5  5  5  5  5  5  5  5  5  5  5  5  5  5  5  5  5  5  5  5  5  5  5  5  5  5  5  5  5 
 5  5  5  5  5  5  5  5  5  5  5  5  5  5  5  5  5  5  5  5  5  5  5  5  5  5  5  5  5  5  5  5  5  5  5  5  5  5  5  5 
 5  5  5  5  5  5  5  5  5  5  5  5  5  5  5  5  5  5  5  5  5  5  5  5  5  5  5  5  5  5  5  5  5  5  5  5  5  5  5  5 
 5  5  5  5  5  5  5  5  5  5  5  5  5  5  5  5  5  5  5  5  5  5  5  5  5  5  5  5  5  5  5  5  5  5  5  5  5  5  5  5 
 5  5  5  5  5  5  5  5  5  5  5  5  5  5  5  5  5  5  5  5  5  5  5  5  5  5  5  5  5  5  5  5  5  5  5  5  5  5  5  5 
 5  5  5  5  5  5  5  5  5  5  5  5  5  5  5  5  5  5  5  5  5  5  5  5  5  5  5  5  5  5  5  5  5  5  5  5  5  5  5  5 
 5  5  5  5  5  5  5  5  5  5  5  5  5  5  5  5  5  5  5  5  5  5  5  5  5  5  5  5  5  5  5  5  5  5  5  5  5  5  5  5 
 5  5  5  5  5  5  5  5  5  5  5  5  5  5  5  5  5  5  5  5  5  5  5  5  5  5  5  5  5  5  5  5  5  5  5  5  5  5  5  5 
 5  5  5  5  5  5  5  5  5  5  5  5  5  5  5  5  5  5  5  5  5  5  5  5  5  5  5  5  5  5  5  5  5  5  5  5  5  5  5  5 
 5  5  5  5  5  5  5  5  5  5  5  5  5  5  5  5  5  5  5  5  5  5  5  5  5  5  5  5  5  5  5  5  5  5  5  5  5  5  5  5 
 5  5  5  5  5  5  5  5  5  5  5  5  5  5  5  5  5  5  5  5  5  5  5  5  5  5  5  5  5  5  5  5  5  5  5  5  5  5  5  5 
 5  5  5  5  5  5  5  5  5  5  5  5  5  5  5  5  5  5  5  5  5  5  5  5  5  5  5  5  5  5  5  5  5  5  5  5  5  5  5  5 
 5  5  5  5  5  5  5  5  5  5  5  5  5  5  5  5  5  5  5  5  5  5  5  5  5  5  5  5  5  5  5  5  5  5  5  5  5  5  5  5 
 5  5  5  5  5  5  5  5  5  5  5  5  5  5  5  5  5  5  5  5  5  5  5  5  5  5  5  5  5  5  5  5  5  5  5  5  5  5  5  5 
 5  5  5  5  5  5  5  5  5  5  5  5  5  5  5  5  5  5  5  5  5  5  5  5  5  5  5  5  5  5  5  5  5  5  5  5  5  5  5  5 
 5  5  5  5  5  5  5  5  5  5  5  5  5  5  5  5  5  5  5  5  5  5  5  5  5  5  5  5  5  5  5  5  5  5  5  5  5  5  5  5 
 5  5  5  5  5  5  5  5  5  5  5  5  5  5  5  5  5  5  5  5  5  5  5  5  5  5  5  5  5  5  5  5  5  5  5  5  5  5  5  5 
 5  5  5  5  5  5  5  5  5  5  5  5  5  5  5  5  5  5  5  5  5  5  5  5  5  5  5  5  5  5  5  5  5  5  5  5  5  5  5  5 
 5  5  5  5  5  5  5  5  5  5  5  5  5  5  5  5  5  5  5  5  5  5  5  5  5  5  5  5  5  5  5  5  5  5  5  5  5  5  5  5 
 5  5  5  5  5  5  5  5  5  5  5  5  5  5  5  5  5  5  5  5  5  5  5  5  5  5  5  5  5  5  5  5  5  5  5  5  5  5  5  5 

21 21 21 21 21 21 21 21 21 21 21 21 21 21 21 21 21 21 21 21 21 21 21 21 21 21 21 21 21 21 21 21 21 21 21 21 21 21 21 21 
21 21 21 21 21 21 21 21 21 21 21 21 21 21 21 21 21 21 21 21 21 21 21 21 21 21 21 21 21 21 21 21 21 21 21 21 21 21 21 21 
21 21 21 21 21 21 21 21 21 21 21 21 21 21 21 21 21 21 21 21 21 21 21 21 21 21 21 21 21 21 21 21 21 21 21 21 21 21 21 21 
21 21 21 21 21 21 21 21 21 21 21 21 21 21 21 21 21 21 21 21 21 21 21 21 21 21 21 21 21 21 21 21 21 21 21 21 21 21 21 21 
21 21 21 21 21 21 21 21 21 21 21 21 21 21 21 21 21 21 21 21 21 21 21 21 21 21 21 21 21 21 21 21 21 21 21 21 21 21 21 21 
21 21 21 21 21 21 21 21 21 21 21 21 21 21 21 21 21 21 21 21 21 21 21 21 21 21 21 21 21 21 21 21 21 21 21 21 21 21 21 21 
21 21 21 21 21 21 21 21 21 21 21 21 21 21 21 21 21 21 21 21 21 21 21 21 21 21 21 21 21 21 21 21 21 21 21 21 21 21 21 21 
21 21 21 21 21 21 21 21 21 21 21 21 21 21 21 21 21 21 21 21 21 21 21 21 21 21 21 21 21 21 21 21 21 21 21 21 21 21 21 21 
21 21 21 21 21 21 21 21 21 21 21 21 21 21 21 21 21 21 21 21 21 21 21 21 21 21 21 21 21 21 21 21 21 21 21 21 21 21 21 21 
21 21 21 21 21 21 21 21 21 21 21 21 21 21 21 21 21 21 21 21 21 21 21 21 21 21 21 21 21 21 21 21 21 21 21 21 21 21 21 21 
21 21 21 21 21 21 21 21 21 21 21 21 21 21 21 21 21 21 21 21 21 21 21 21 21 21 21 21 21 21 21 21 21 21 21 21 21 21 21 21 
21 21 21 21 21 21 21 21 21 21 21 21 21 21 21 21 21 21 21 21 21 21 21 21 21 21 21 21 21 21 21 21 21 21 21 21 21 21 21 21 
21 21 21 21 21 21 21 21 21 21 21 21 21 21 21 21 21 21 21 21 21 21 21 21 21 21 21 21 21 21 21 21 21 21 21 21 21 21 21 21 
21 21 21 21 21 21 21 21 21 21 21 21 21 21 21 21 21 21 21 21 21 21 21 21 21 21 21 21 21 21 21 21 21 21 21 21 21 21 21 21 
21 21 21 21 21 21 21 21 21 21 21 21 21 21 21 21 21 21 21 21 21 21 21 21 21 21 21 21 21 21 21 21 21 21 21 21 21 21 21 21 
21 21 21 21 21 21 21 21 21 21 21 21 21 21 21 21 21 21 21 21 21 21 21 21 21 21 21 21 21 21 21 21 21 21 21 21 21 21 21 21 
21 21 21 21 21 21 21 21 21 21 21 21 21 21 21 21 21 21 21 21 21 21 21 21 21 21 21 21 21 21 21 21 21 21 21 21 21 21 21 21 
21 21 21 21 21 21 21 21 21 21 21 21 21 21 21 21 21 21 21 21 21 21 21 21 21 21 21 21 21 21 21 21 21 21 21 21 21 21 21 21 
21 21 21 21 21 21 21 21 21 21 21 21 21 21 21 21 21 21 21 21 21 21 21 21 21 21 21 21 21 21 21 21 21 21 21 21 21 21 21 21 
21 21 21 21 21 21 21 21 21 21 21 21 21 21 21 21 21 21 21 21 21 21 21 21 21 21 21 21 21 21 21 21 21 21 21 21 21 21 21 21 
21 21 21 21 21 21 21 21 21 21 21 21 21 21 21 21 21 21 21 21 21 21 21 21 21 21 21 21 21 21 21 21 21 21 21 21 21 21 21 21 
21 21 21 21 21 21 21 21 21 21 21 21 21 21 21 21 21 21 21 21 21 21 21 21 21 21 21 21 21 21 21 21 21 21 21 21 21 21 21 21 
21 21 21 21 21 21 21 21 21 21 21 21 21 21 21 21 21 21 21 21 21 21 21 21 21 21 21 21 21 21 21 21 21 21 21 21 21 21 21 21 
21 21 21 21 21 21 21 21 21 21 21 21 21 21 21 21 21 21 21 21 21 21 21 21 21 21 21 21 21 21 21 21 21 21 21 21 21 21 21 21 
21 21 21 21 21 21 21 21 21 21 21 21 21 21 21 21 21 21 21 21 21 21 21 21 21 21 21 21 21 21 21 21 21 21 21 21 21 21 21 21 
21 21 21 21 21 21 21 21 21 21 21 21 21 21 21 21 21 21 21 21 21 21 21 21 21 21 21 21 21 21 21 21 21 21 21 21 21 21 21 21 
21 21 21 21 21 21 21 21 21 21 21 21 21 21 21 21 21 21 21 21 21 21 21 21 21 21 21 21 21 21 21 21 21 21 21 21 21 21 21 21 
21 21 21 21 21 21 21 21 21 21 21 21 21 21 21 21 21 21 21 21 21 21 21 21 21 21 21 21 21 21 21 21 21 21 21 21 21 21 21 21 
21 21 21 21 21 21 21 21 21 21 21 21 21 21 21 21 21 21 21 21 21 21 21 21 21 21 21 21 21 21 21 21 21 21 21 21 21 21 21 21 
21 21 21 21 21 21 21 21 21 21 21 21 21 21 21 21 21 21 21 21 21 21 21 21 21 21 21 21 21 21 21 21 21 21 21 21 21 21 21 21 
21 21 21 21 21 21 21 21 21 21 21 21 21 21 21 21 21 21 21 21 21 21 21 21 21 21 21 21 21 21 21 21 21 21 21 21 21 21 21 21 
21 21 21 21 21 21 21 21 21 21 21 21 21 21 21 21 21 21 21 21 21 21 21 21 21 21 21 21 21 21 21 21 21 21 21 21 21 21 21 21 
21 21 21 21 21 21 21 21 21 21 21 21 21 21 21 21 21 21 21 21 21 21 21 21 21 21 21 21 21 21 21 21 21 21 21 21 21 21 21 21 
21 21 21 21 21 21 21 21 21 21 21 21 21 21 21 21 21 21 21 21 21 21 21 21 21 21 21 21 21 21 21 21 21 21 21 21 21 21 21 21 
21 21 21 21 21 21 21 21 21 21 21 21 21 21 21 21 21 21 21 21 21 21 21 21 21 21 21 21 21 21 21 21 21 21 21 21 21 21 21 21 
21 21 21 21 21 21 21 21 21 21 21 21 21 21 21 21 21 21 21 21 21 21 21 21 21 21 21 21 21 21 21 21 21 21 21 21 21 21 21 21 
21 21 21 21 21 21 21 21 21 21 21 21 21 21 21 21 21 21 21 21 21 21 21 21 21 21 21 21 21 21 21 21 21 21 21 21 21 21 21 21 
21 21 21 21 21 21 21 21 21 21 21 21 21 21 21 21 21 21 21 21 21 21 21 21 21 21 21 21 21 21 21 21 21 21 21 21 21 21 21 21 
21 21 21 21 21 21 21 21 21 21 21 21 21 21 21 21 21 21 21 21 21 21 21 21 21 21 21 21 21 21 21 21 21 21 21 21 21 21 21 21 
21 21 21 21 21 21 21 21 21 21 21 21 21 21 21 21 21 21 21 21 21 21 21 21 21 21 21 21 21 21 21 21 21 21 21 21 21 21 21 21 

45  0  0 16  0 20  0 40 41 42  0  0 16  0 40 41 41 42  0 40 41 42  0 11 12 30 12 30 12 30 12 30 12 12 38  0 11 12 12 12 
45  0  0 31  0  0  0 43 44 45  0  0 16  0 43 44 44 45  0 43 44 45  0  0  0  0  0  0  0  0  0  0  0  0 14  0  0  0  0  0 
48  0  0 16  0 20  0 43 44 45  0  0 16  0 43 44 44 45  0 43 44 45  0 40 41 41 41 41 42  0 39 12 38  0 29  0 20  0 39 12 
 0 39 12 13  0 20  0 43 44 45  0  0 16  0 46 47 47 48  0 43 44 45  0 43 44 44 44 44 45  0 16  0 14  0 14  0 20  0 16  0 
 0 16  0  0  0  0  0 43 44 45  0  0 16  0  0  0  0  0  0 46 47 48  0 43 44 44 44 44 45  0 31  0 14  0 14  0 20  0 16  0 
12 13  0 20 20 20  0 46 47 48  0  0 16  0 17 18 19  0  0  0  0  0  0 43 44 44 44 44 45  0 16  0 14  0 29  0  0  0 36 18 
 0  0  0  0  0 20  0  0  0  0 39 12 13  0 14  0 16  0 40 41 42  0  0 43 44 44 44 44 45  0 16  0 29  0 14  0  0  0  0  0 
40 41 42  0  0 20 20 20  0  0 16  0  0  0 11 12 13  0 43 44 45  0  0 43 44 44 44 44 45  0 31  0 14  0 14  0 40 41 42  0 
43 44 45  0 20  0  0 20 20  0 36 18 18 19  0  0  0  0 43 44 45  0  0 43 44 44 44 44 45  0 16  0 14  0 14  0 43 44 45  0 
43 44 45  0 20 20  0  0 20  0  0  0  0 16  0 20 20  0 46 47 48  0  0 43 44 44 44 44 45  0 16  0 29  0 29  0 43 44 45  0 
46 47 48  0  0 20  0  0 20 20  0  0  0 16  0 20  0 20  0  0  0 20  0 46 47 47 47 47 48  0 31  0 14  0 14  0 43 44 45  0 
 0  0  0  0 20  0 20 20  0 20 20  0  0 16  0  0  0  0 20 20  0 20 20  0  0  0  0  0  0  0 16  0 14  0 14  0 43 44 45  0 
20 20 20  0 20  0 20  0  0 20 20 20  0 16  0 40 41 42  0 20 20  0  0 20  0  0 17 18 19  0 16  0 14  0 29  0 46 47 48  0 
 0  0  0 20  0  0 20  0  0  0  0 20  0 16  0 43 44 45  0  0 20 20 20 20  0  0 14  0 16  0 16  0 14  0 14  0  0  0  0  0 
42  0  0  0  0  0  0 17 18 19  0 20  0 16  0 43 44 45  0  0  0  0 20 20 20  0 11 12 13  0 36 18 37  0 14  0 40 41 42  0 
45  0 39 12 12 38  0 14  0 16  0 20  0 16  0 43 44 45  0 20 20 20  0  0  0  0  0  0  0 20  0  0  0  0 14  0 43 44 45  0 
45  0 16  0  0 14  0 14  0 31  0 20  0 16  0 43 44 45  0 20  0 20  0 20 20 20 20  0 20  0 40 41 42  0 14  0 43 44 45  0 
48  0 16  0  0 14  0 29  0 16  0  0  0 16  0 43 44 45  0  0 20 20 20 20 20  0 20  0  0  0 43 44 45  0 14  0 46 47 48  0 
 0  0 16  0  0 14  0 14  0 36 18 19  0 16  0 46 47 48  0 20  0 20 20 20  0  0  0  0  0  0 43 44 45  0 14  0  0  0  0 40 
42  0 16  0  0 14  0 14  0  0  0 16  0 16  0  0  0  0 20  0  0 20  0 20  0 20  0  0  0  0 43 44 45  0 11 12 38  0  0 43 
45  0 36 18 18 37  0 14  0 20  0 16  0 16  0 39 12 38  0 20  0 20  0  0  0 20 20  0 20  0 43 44 45  0  0  0 14  0  0 43 
45  0  0  0  0  0  0 29  0  0  0 31  0 16  0 16  0 14  0  0  0 20  0 20 20  0  0 20  0  0 43 44 45  0 17 18 37  0  0 43 
45  0  0 39 12 38  0 14  0  0  0 16  0 16  0 16  0 14  0 20  0 20  0 20  0  0 20 20 20  0 43 44 45  0 14  0  0 20  0 43 
48  0  0 16  0 14  0 14  0 20  0 31  0 16  0 16  0 14  0  0  0 20 20 20  0  0  0 20 20  0 46 47 48  0 14  0  0  0  0 43 
 0 39 12 13  0 14  0 14  0 20  0 16  0 16  0 36 18 37  0 20  0 20  0  0 20  0 20 20  0  0  0  0  0  0 11 12 38  0  0 46 
 0 16  0  0  0 14  0 29  0 20  0 31  0 16  0  0  0  0  0 20  0  0  0 20  0  0  0 20  0 17 18 18 18 19  0  0 14  0  0  0 
 0 36 18 19  0 14  0 14  0  0  0 16  0 16  0 17 18 19  0 20 20  0  0  0 20  0  0 20  0 14  0  0  0 16  0  0 29  0 20  0 
20  0  0 16  0 14  0 29  0 20  0 31  0 16  0 14  0 16  0  0 20  0  0  0 20 20  0 20  0 11 12 38  0 16  0  0 14  0  0 39 
20 20  0 36 18 37  0 14  0 20  0 16  0 16  0 11 12 13  0 20 20  0  0 20  0 20 20  0 20  0  0 14  0 16  0  0 14  0  0 16 
 0  0 20  0  0  0  0 14  0  0  0 16  0 16  0  0  0  0  0 20 20  0 20 20 20  0 20  0 20  0  0 14  0 16  0  0 14  0  0 31 
41 42  0 40 41 42  0 29  0 39 12 13  0 36 18 18 19  0 20 20  0  0  0  0 20 20 20 20 20 20  0 14  0 16  0  0 14  0  0 16 
44 45  0 43 44 45  0 14  0 16  0  0  0  0  0  0 16  0  0  0  0  0 20  0 20  0  0  0 20  0  0 14  0 16  0  0 11 12 12 13 
44 45  0 43 44 45  0 14  0 16  0 20 20 20 20  0 16  0 20 20 20 20  0  0  0 39 12 38  0 17 18 37  0 16  0 20  0  0  0  0 
47 48  0 46 47 48  0 29  0 16  0  0  0 20 20  0 16  0  0  0  0 20 20  0  0 16  0 14  0 14  0  0  0 16  0 20 20 20  0  0 
 0  0  0  0  0  0  0 14  0 16  0  0 20 20 20  0 16  0 17 18 19  0 20  0  0 31  0 14  0 14  0  0  0 16  0  0 20 20 20 20 
17 18 18 18 28 18 18 37  0 36 18 19  0  0  0  0 16  0 14  0 16  0 20  0  0 16  0 14  0 14  0  0  0 16  0 20  0 20  0  0 
14  0  0  0  0  0  0  0 20  0  0 16  0 39 12 12 13  0 11 12 13  0 20  0  0 31  0 14  0 14  0 20  0 16  0 20 20  0 40 41 
29  0 17 18 28 18 19  0  0 39 12 13  0 16  0  0  0 20  0  0  0 20 20  0  0 16  0 29  0 14  0  0  0 16  0 20 20  0 43 44 
14  0 14  0  0  0 16  0  0 16  0  0  0 36 18 19  0 20  0 20  0  0 20  0  0 16  0 14  0 14  0 39 12 13  0  0  0  0 43 44 
37  0 14  0  0  0 31  0  0 36 18 19  0  0  0 16  0  0 20 20  0 20  0 39 12 13  0 29  0 14  0 16  0  0 39 12 38  0 43 44 

45  0  0 16  0  0  0 40 41 42  0  0  6  0 40 41 41 42  0 40 41 42  0 11 12 12 12 12 12 12 12 12 12 12 38  0 11 12 12 12 
45  0  0 16  0  0  0 43 44 45  0  0  6  0 43 44 44 45  0 43 44 45  0  0  0  0  0  0  0  0  0  0  0  0 14  0  0  0  0  0 
48  0  0 16  0  0  0 43 44 45  0  0  6  0 43 44 44 45  0 43 44 45  0 40 41 41 41 41 42  0 39 12 38  0 14  0  0  0 39 12 
 0 39 12 13  0  0  0 43 44 45  0  0  6  0 46 47 47 48  0 43 44 45  0 43 44 44 44 44 45  0 16  0 14  0 14  0  0  0 16  0 
 0 16  0  0  0  0  0 43 44 45  0  0  6  0  0  0  0  0  0 46 47 48  0 43 44 44 44 44 45  0 16  0 14  0 14  0  0  0 16  0 
12 13  0  0  0  0  0 46 47 48  0  0  6  0 17 18 19  0  0  0  0  0  0 43 44 44 44 44 45  0 16  0 14  0 14  0  0  0 36 18 
 0  0  0  0  0  0  0  0  0  0 35  2  3  0 14  0 16  0 40 41 42  0  0 43 44 44 44 44 45  0 16  0 14  0 14  0  0  0  0  0 
50 51 52  0  0  0  0  0  0  0  6  0  0  0 11 12 13  0 43 44 45  0  0 43 44 44 44 44 45  0 16  0 14  0 14  0 50 51 52  0 
43 44 45  0  0  0  0  0  0  0 32  8  8  9  0  0  0  0 43 44 45  0  0 43 44 44 44 44 45  0 16  0 14  0 14  0 43 44 45  0 
43 44 45  0  0  0  0  0  0  0  0  0  0  6  0  0  0  0 46 47 48  0  0 43 44 44 44 44 45  0 16  0 14  0 14  0 43 44 45  0 
56 57 58  0  0  0  0  0  0  0  0  0  0  6  0  0  0  0  0  0  0  0  0 56 57 57 57 57 58  0 16  0 14  0 14  0 43 44 45  0 
 0  0  0  0  0  0  0  0  0  0  0  0  0  6  0  0  0  0  0  0  0  0  0  0  0  0  0  0  0  0 16  0 14  0 14  0 43 44 45  0 
 0  0  0  0  0  0  0  0  0  0  0  0  0  6  0 40 41 42  0  0  0  0  0  0  0  0  7  8  9  0 16  0 14  0 14  0 46 47 48  0 
 0  0  0  0  0  0  0  0  0  0  0  0  0  6  0 43 44 45  0  0  0  0  0  0  0  0  4  0  6  0 16  0 14  0 14  0  0  0  0  0 
52  0  0  0  0  0  0 17 18 19  0  0  0  6  0 43 44 45  0  0  0  0  0  0  0  0  1  2  3  0 36 18 37  0 14  0 50 51 52  0 
45  0 35  2  2 34  0 14  0 16  0  0  0  6  0 43 44 45  0  0  0  0  0  0  0  0  0  0  0  0  0  0  0  0 14  0 43 44 45  0 
45  0  6  0  0  4  0 14  0 16  0  0  0  6  0 43 44 45  0  0  0  0  0  0  0  0  0  0  0  0 50 51 52  0 14  0 43 44 45  0 
58  0  6  0  0  4  0 14  0 16  0  0  0  6  0 43 44 45  0  0  0  0  0  0  0  0  0  0  0  0 43 44 45  0 14  0 56 57 58  0 
 0  0  6  0  0  4  0 14  0 36 18 19  0  6  0 56 57 58  0  0  0  0  0  0  0  0  0  0  0  0 43 44 45  0 14  0  0  0  0 40 
52  0  6  0  0  4  0 14  0  0  0 16  0  6  0  0  0  0  0  0  0  0  0  0  0  0  0  0  0  0 43 44 45  0 11 12 38  0  0 43 
45  0 32  8  8 33  0 14  0  0  0 16  0  6  0 35  2 34  0  0  0  0  0  0  0  0  0  0  0  0 43 44 45  0  0  0 14  0  0 43 
45  0  0  0  0  0  0 14  0  0  0 16  0  6  0  6  0  4  0  0  0  0  0  0  0  0  0  0  0  0 43 44 45  0 17 18 37  0  0 43 
45  0  0 35  2 34  0 14  0  0  0 16  0  6  0  6  0  4  0  0  0  0  0  0  0  0  0  0  0  0 43 44 45  0 14  0  0  0  0 43 
48  0  0  6  0  4  0 14  0  0  0 16  0  6  0  6  0  4  0  0  0  0  0  0  0  0  0  0  0  0 56 57 58  0 14  0  0  0  0 43 
 0 35  2  3  0  4  0 14  0  0  0 16  0  6  0 32  8 33  0  0  0  0  0  0  0  0  0  0  0  0  0  0  0  0 11 12 38  0  0 46 
 0  6  0  0  0  4  0 14  0  0  0 16  0  6  0  0  0  0  0  0  0  0  0  0  0  0  0  0  0  7  8  8  8  9  0  0 14  0  0  0 
 0 32  8  9  0  4  0 14  0  0  0 16  0  6  0 17 18 19  0  0  0  0  0  0  0  0  0  0  0  4  0  0  0  6  0  0 14  0  0  0 
 0  0  0  6  0  4  0 14  0  0  0 16  0  6  0 14  0 16  0  0  0  0  0  0  0  0  0  0  0  1  2 34  0  6  0  0 14  0  0 39 
 0  0  0 32  8 33  0 14  0  0  0 16  0  6  0 11 12 13  0  0  0  0  0  0  0  0  0  0  0  0  0  4  0  6  0  0 14  0  0 16 
 0  0  0  0  0  0  0 14  0  0  0 16  0  6  0  0  0  0  0  0  0  0  0  0  0  0  0  0  0  0  0  4  0  6  0  0 14  0  0 16 
51 52  0 50 51 52  0 14  0 39 12 13  0 32  8  8  9  0  0  0  0  0  0  0  0  0  0  0  0  0  0  4  0  6  0  0 14  0  0 16 
44 45  0 43 44 45  0 14  0 16  0  0  0  0  0  0  6  0  0  0  0  0  0  0  0  0  0  0  0  0  0  4  0  6  0  0 11 12 12 13 
44 45  0 43 44 45  0 14  0 16  0  0  0  0  0  0  6  0  0  0  0  0  0  0  0 39 12 38  0  7  8 33  0  6  0  0  0  0  0  0 
57 58  0 56 57 58  0 14  0 16  0  0  0  0  0  0  6  0  0  0  0  0  0  0  0 16  0 14  0  4  0  0  0  6  0  0  0  0  0  0 
 0  0  0  0  0  0  0 14  0 16  0  0  0  0  0  0  6  0 17 18 19  0  0  0  0 16  0 14  0  4  0  0  0  6  0  0  0  0  0  0 
17 18 18 18 18 18 18 37  0 36 18 19  0  0  0  0  6  0 14  0 16  0  0  0  0 16  0 14  0  4  0  0  0  6  0  0  0  0  0  0 
14  0  0  0  0  0  0  0  0  0  0 16  0 35  2  2  3  0 11 12 13  0  0  0  0 16  0 14  0  4  0  0  0  6  0  0  0  0 40 41 
14  0 17 18 18 18 19  0  0 39 12 13  0  6  0  0  0  0  0  0  0  0  0  0  0 16  0 14  0  4  0  0  0  6  0  0  0  0 43 44 
14  0 14  0  0  0 16  0  0 16  0  0  0 32  8  9  0  0  0  0  0  0  0  0  0 16  0 14  0  4  0 35  2  3  0  0  0  0 43 44 
37  0 14  0  0  0 16  0  0 36 18 19  0  0  0  6  0  0  0  0  0  0  0 39 12 13  0 14  0  4  0  6  0  0 35  2 34  0 43 44 

45  0  0  6  0  0  0 40 41 42  0  0  0  0 40 41 41 42  0 40 41 42  0 11 12 12 12 12 12 12 12 12 12 12 38  0  1  2  2  2 
45  0  0  6  0  0  0 43 44 45  0  0  0  0 43 44 44 45  0 43 44 45  0  0  0  0  0  0  0  0  0  0  0  0 14  0  0  0  0  0 
48  0  0  6  0  0  0 43 44 45  0  0  0  0 43 44 44 45  0 43 44 45  0 40 41 41 41 41 42  0 35  2 34  0 14  0  0  0 39 12 
 0 35  2  3  0  0  0 43 44 45  0  0  0  0 46 47 47 48  0 43 44 45  0 43 44 44 44 44 45  0  6  0  4  0 14  0  0  0 16  0 
 0  6  0  0  0  0  0 43 44 45  0  0  0  0  0  0  0  0  0 46 47 48  0 43 44 44 44 44 45  0  6  0  4  0 14  0  0  0 16  0 
 2  3  0  0  0  0  0 46 47 48  0  0  0  0  7  8  9  0  0  0  0  0  0 43 44 44 44 44 45  0  6  0  4  0 14  0  0  0 36 18 
 0  0  0  0  0  0  0  0  0  0  0  0  0  0  4  0  6  0 40 41 42  0  0 43 44 44 44 44 45  0  6  0  4  0 14  0  0  0  0  0 
 0  0  0  0  0  0  0  0  0  0  0  0  0  0  1  2  3  0 43 44 45  0  0 43 44 44 44 44 45  0  6  0  4  0 14  0  0  0  0  0 
53 54 55  0  0  0  0  0  0  0  0  0  0  0  0  0  0  0 43 44 45  0  0 43 44 44 44 44 45  0  6  0  4  0 14  0 53 54 55  0 
59 60 61  0  0  0  0  0  0  0  0  0  0  0  0  0  0  0 46 47 48  0  0 59 60 60 60 60 61  0  6  0  4  0 14  0 43 44 45  0 
 0  0  0  0  0  0  0  0  0  0  0  0  0  0  0  0  0  0  0  0  0  0  0  0  0  0  0  0  0  0  6  0  4  0 14  0 43 44 45  0 
 0  0  0  0  0  0  0  0  0  0  0  0  0  0  0  0  0  0  0  0  0  0  0  0  0  0  0  0  0  0  6  0  4  0 14  0 43 44 45  0 
 0  0  0  0  0  0  0  0  0  0  0  0  0  0  0 40 41 42  0  0  0  0  0  0  0  0  0  0  0  0  6  0  4  0 14  0 46 47 48  0 
 0  0  0  0  0  0  0  0  0  0  0  0  0  0  0 43 44 45  0  0  0  0  0  0  0  0  0  0  0  0  6  0  4  0 14  0  0  0  0  0 
 0  0  0  0  0  0  0 17 18 19  0  0  0  0  0 43 44 45  0  0  0  0  0  0  0  0  0  0  0  0 32  8 33  0 14  0  0  0  0  0 
55  0  0  0  0  0  0 14  0 16  0  0  0  0  0 43 44 45  0  0  0  0  0  0  0  0  0  0  0  0  0  0  0  0 14  0 53 54 55  0 
61  0  0  0  0  0  0 14  0 16  0  0  0  0  0 43 44 45  0  0  0  0  0  0  0  0  0  0  0  0  0  0  0  0 14  0 59 60 61  0 
 0  0  0  0  0  0  0 14  0 16  0  0  0  0  0 59 60 61  0  0  0  0  0  0  0  0  0  0  0  0 53 54 55  0 14  0  0  0  0  0 
 0  0  0  0  0  0  0 14  0 36 18 19  0  0  0  0  0  0  0  0  0  0  0  0  0  0  0  0  0  0 43 44 45  0 14  0  0  0  0 50 
 0  0  0  0  0  0  0 14  0  0  0 16  0  0  0  0  0  0  0  0  0  0  0  0  0  0  0  0  0  0 43 44 45  0 11 12 38  0  0 43 
55  0  0  0  0  0  0 14  0  0  0 16  0  0  0  0  0  0  0  0  0  0  0  0  0  0  0  0  0  0 43 44 45  0  0  0 14  0  0 43 
45  0  0  0  0  0  0 14  0  0  0 16  0  0  0  0  0  0  0  0  0  0  0  0  0  0  0  0  0  0 43 44 45  0 17 18 37  0  0 43 
45  0  0  0  0  0  0 14  0  0  0 16  0  0  0  0  0  0  0  0  0  0  0  0  0  0  0  0  0  0 59 60 61  0 14  0  0  0  0 43 
58  0  0  0  0  0  0 14  0  0  0 16  0  0  0  0  0  0  0  0  0  0  0  0  0  0  0  0  0  0  0  0  0  0 14  0  0  0  0 43 
 0  0  0  0  0  0  0 14  0  0  0 16  0  0  0  0  0  0  0  0  0  0  0  0  0  0  0  0  0  0  0  0  0  0 11 12 38  0  0 46 
 0  0  0  0  0  0  0 14  0  0  0 16  0  0  0  0  0  0  0  0  0  0  0  0  0  0  0  0  0  0  0  0  0  0  0  0 14  0  0  0 
 0  0  0  0  0  0  0 14  0  0  0 16  0  0  0  7  8  9  0  0  0  0  0  0  0  0  0  0  0  0  0  0  0  0  0  0 14  0  0  0 
 0  0  0  0  0  0  0 14  0  0  0 16  0  0  0  4  0  6  0  0  0  0  0  0  0  0  0  0  0  0  0  0  0  0  0  0 14  0  0 39 
 0  0  0  0  0  0  0 14  0  0  0 16  0  0  0  1  2  3  0  0  0  0  0  0  0  0  0  0  0  0  0  0  0  0  0  0 14  0  0 16 
 0  0  0  0  0  0  0 14  0  0  0 16  0  0  0  0  0  0  0  0  0  0  0  0  0  0  0  0  0  0  0  0  0  0  0  0 14  0  0 16 
 0  0  0  0  0  0  0 14  0 39 12 13  0  0  0  0  0  0  0  0  0  0  0  0  0  0  0  0  0  0  0  0  0  0  0  0 14  0  0 16 
54 55  0 53 54 55  0 14  0 16  0  0  0  0  0  0  0  0  0  0  0  0  0  0  0  0  0  0  0  0  0  0  0  0  0  0 11 12 12 13 
60 61  0 59 60 61  0 14  0 16  0  0  0  0  0  0  0  0  0  0  0  0  0  0  0 39 12 38  0  0  0  0  0  0  0  0  0  0  0  0 
 0  0  0  0  0  0  0 14  0 16  0  0  0  0  0  0  0  0  0  0  0  0  0  0  0 16  0 14  0  0  0  0  0  0  0  0  0  0  0  0 
 0  0  0  0  0  0  0 14  0 16  0  0  0  0  0  0  0  0  7  8  9  0  0  0  0 16  0 14  0  0  0  0  0  0  0  0  0  0  0  0 
17 18 18 18 18 18 18 37  0 36 18 19  0  0  0  0  0  0  4  0  6  0  0  0  0 16  0 14  0  0  0  0  0  0  0  0  0  0  0  0 
14  0  0  0  0  0  0  0  0  0  0 16  0  0  0  0  0  0  1  2  3  0  0  0  0 16  0 14  0  0  0  0  0  0  0  0  0  0 40 41 
14  0 17 18 18 18 19  0  0 39 12 13  0  0  0  0  0  0  0  0  0  0  0  0  0 16  0 14  0  0  0  0  0  0  0  0  0  0 43 44 
14  0 14  0  0  0 16  0  0 16  0  0  0  0  0  0  0  0  0  0  0  0  0  0  0 16  0 14  0  0  0  0  0  0  0  0  0  0 43 44 
37  0 14  0  0  0 16  0  0 36 18 19  0  0  0  0  0  0  0  0  0  0  0 39 12 13  0 14  0  0  0  0  0  0  0  0  0  0 43 44 

45  0  0  0  0  0  0 50 51 52  0  0  0  0 50 51 51 52  0 40 41 42  0 11 12 12 12 12 12 12 12 12 12 12 38  0  0  0  0  0 
45  0  0  0  0  0  0 43 44 45  0  0  0  0 43 44 44 45  0 43 44 45  0  0  0  0  0  0  0  0  0  0  0  0 14  0  0  0  0  0 
58  0  0  0  0  0  0 43 44 45  0  0  0  0 43 44 44 45  0 43 44 45  0 40 41 41 41 41 42  0  0  0  0  0 14  0  0  0 39 12 
 0  0  0  0  0  0  0 43 44 45  0  0  0  0 56 57 57 58  0 43 44 45  0 43 44 44 44 44 45  0  0  0  0  0 14  0  0  0 16  0 
 0  0  0  0  0  0  0 43 44 45  0  0  0  0  0  0  0  0  0 56 57 58  0 43 44 44 44 44 45  0  0  0  0  0 14  0  0  0 16  0 
 0  0  0  0  0  0  0 46 47 48  0  0  0  0  0  0  0  0  0  0  0  0  0 43 44 44 44 44 45  0  0  0  0  0 14  0  0  0 36 18 
 0  0  0  0  0  0  0  0  0  0  0  0  0  0  0  0  0  0 50 51 52  0  0 43 44 44 44 44 45  0  0  0  0  0 14  0  0  0  0  0 
 0  0  0  0  0  0  0  0  0  0  0  0  0  0  0  0  0  0 43 44 45  0  0 43 44 44 44 44 45  0  0  0  0  0 14  0  0  0  0  0 
 0  0  0  0  0  0  0  0  0  0  0  0  0  0  0  0  0  0 43 44 45  0  0 59 60 60 60 60 61  0  0  0  0  0 14  0  0  0  0  0 
 0  0  0  0  0  0  0  0  0  0  0  0  0  0  0  0  0  0 56 57 58  0  0  0  0  0  0  0  0  0  0  0  0  0 14  0 53 54 55  0 
 0  0  0  0  0  0  0  0  0  0  0  0  0  0  0  0  0  0  0  0  0  0  0  0  0  0  0  0  0  0  0  0  0  0 14  0 43 44 45  0 
 0  0  0  0  0  0  0  0  0  0  0  0  0  0  0  0  0  0  0  0  0  0  0  0  0  0  0  0  0  0  0  0  0  0 14  0 43 44 45  0 
 0  0  0  0  0  0  0  0  0  0  0  0  0  0  0 40 41 42  0  0  0  0  0  0  0  0  0  0  0  0  0  0  0  0 14  0 56 57 58  0 
 0  0  0  0  0  0  0  0  0  0  0  0  0  0  0 43 44 45  0  0  0  0  0  0  0  0  0  0  0  0  0  0  0  0 14  0  0  0  0  0 
 0  0  0  0  0  0  0  7  8  9  0  0  0  0  0 43 44 45  0  0  0  0  0  0  0  0  0  0  0  0  0  0  0  0 14  0  0  0  0  0 
 0  0  0  0  0  0  0  4  0  6  0  0  0  0  0 43 44 45  0  0  0  0  0  0  0  0  0  0  0  0  0  0  0  0 14  0  0  0  0  0 
 0  0  0  0  0  0  0  4  0  6  0  0  0  0  0 59 60 61  0  0  0  0  0  0  0  0  0  0  0  0  0  0  0  0 14  0  0  0  0  0 
 0  0  0  0  0  0  0  4  0  6  0  0  0  0  0  0  0  0  0  0  0  0  0  0  0  0  0  0  0  0  0  0  0  0 14  0  0  0  0  0 
 0  0  0  0  0  0  0  4  0 32  8  9  0  0  0  0  0  0  0  0  0  0  0  0  0  0  0  0  0  0 53 54 55  0 14  0  0  0  0  0 
 0  0  0  0  0  0  0  4  0  0  0  6  0  0  0  0  0  0  0  0  0  0  0  0  0  0  0  0  0  0 43 44 45  0 11 12 38  0  0 53 
 0  0  0  0  0  0  0  4  0  0  0  6  0  0  0  0  0  0  0  0  0  0  0  0  0  0  0  0  0  0 43 44 45  0  0  0 14  0  0 43 
55  0  0  0  0  0  0  4  0  0  0  6  0  0  0  0  0  0  0  0  0  0  0  0  0  0  0  0  0  0 59 60 61  0 17 18 37  0  0 43 
61  0  0  0  0  0  0  4  0  0  0  6  0  0  0  0  0  0  0  0  0  0  0  0  0  0  0  0  0  0  0  0  0  0 14  0  0  0  0 43 
 0  0  0  0  0  0  0  4  0  0  0  6  0  0  0  0  0  0  0  0  0  0  0  0  0  0  0  0  0  0  0  0  0  0 14  0  0  0  0 43 
 0  0  0  0  0  0  0  4  0  0  0  6  0  0  0  0  0  0  0  0  0  0  0  0  0  0  0  0  0  0  0  0  0  0 11 12 38  0  0 56 
 0  0  0  0  0  0  0  4  0  0  0  6  0  0  0  0  0  0  0  0  0  0  0  0  0  0  0  0  0  0  0  0  0  0  0  0 14  0  0  0 
 0  0  0  0  0  0  0  4  0  0  0  6  0  0  0  0  0  0  0  0  0  0  0  0  0  0  0  0  0  0  0  0  0  0  0  0 14  0  0  0 
 0  0  0  0  0  0  0  4  0  0  0  6  0  0  0  0  0  0  0  0  0  0  0  0  0  0  0  0  0  0  0  0  0  0  0  0 14  0  0 39 
 0  0  0  0  0  0  0  4  0  0  0  6  0  0  0  0  0  0  0  0  0  0  0  0  0  0  0  0  0  0  0  0  0  0  0  0 14  0  0 16 
 0  0  0  0  0  0  0  4  0  0  0  6  0  0  0  0  0  0  0  0  0  0  0  0  0  0  0  0  0  0  0  0  0  0  0  0 14  0  0 16 
 0  0  0  0  0  0  0  4  0 35  2  3  0  0  0  0  0  0  0  0  0  0  0  0  0  0  0  0  0  0  0  0  0  0  0  0 14  0  0 16 
 0  0  0  0  0  0  0  4  0  6  0  0  0  0  0  0  0  0  0  0  0  0  0  0  0  0  0  0  0  0  0  0  0  0  0  0 11 12 12 13 
 0  0  0  0  0  0  0  4  0  6  0  0  0  0  0  0  0  0  0  0  0  0  0  0  0 39 12 38  0  0  0  0  0  0  0  0  0  0  0  0 
 0  0  0  0  0  0  0  4  0  6  0  0  0  0  0  0  0  0  0  0  0  0  0  0  0 16  0 14  0  0  0  0  0  0  0  0  0  0  0  0 
 0  0  0  0  0  0  0  4  0  6  0  0  0  0  0  0  0  0  0  0  0  0  0  0  0 16  0 14  0  0  0  0  0  0  0  0  0  0  0  0 
 7  8  8  8  8  8  8 33  0 32  8  9  0  0  0  0  0  0  0  0  0  0  0  0  0 16  0 14  0  0  0  0  0  0  0  0  0  0  0  0 
 4  0  0  0  0  0  0  0  0  0  0  6  0  0  0  0  0  0  0  0  0  0  0  0  0 16  0 14  0  0  0  0  0  0  0  0  0  0 50 51 
 4  0 17 18 18 18 19  0  0 35  2  3  0  0  0  0  0  0  0  0  0  0  0  0  0 16  0 14  0  0  0  0  0  0  0  0  0  0 43 44 
 4  0 14  0  0  0 16  0  0  6  0  0  0  0  0  0  0  0  0  0  0  0  0  0  0 16  0 14  0  0  0  0  0  0  0  0  0  0 43 44 
33  0 14  0  0  0 16  0  0 32  8  9  0  0  0  0  0  0  0  0  0  0  0 39 12 13  0 14  0  0  0  0  0  0  0  0  0  0 59 60 

55  0  0  0  0  0  0  0  0  0  0  0  0  0  0  0  0  0  0 50 51 52  0  1  2  2  2  2  2  2  2  2  2  2 34  0  0  0  0  0 
61  0  0  0  0  0  0 53 54 55  0  0  0  0 53 54 54 55  0 43 44 45  0  0  0  0  0  0  0  0  0  0  0  0  4  0  0  0  0  0 
 0  0  0  0  0  0  0 43 44 45  0  0  0  0 59 60 60 61  0 43 44 45  0 50 51 51 51 51 52  0  0  0  0  0  4  0  0  0 39 12 
 0  0  0  0  0  0  0 43 44 45  0  0  0  0  0  0  0  0  0 59 60 61  0 43 44 44 44 44 45  0  0  0  0  0  4  0  0  0 16  0 
 0  0  0  0  0  0  0 43 44 45  0  0  0  0  0  0  0  0  0  0  0  0  0 43 44 44 44 44 45  0  0  0  0  0  4  0  0  0 16  0 
 0  0  0  0  0  0  0 46 47 48  0  0  0  0  0  0  0  0  0  0  0  0  0 43 44 44 44 44 45  0  0  0  0  0  4  0  0  0 36 18 
 0  0  0  0  0  0  0  0  0  0  0  0  0  0  0  0  0  0  0  0  0  0  0 43 44 44 44 44 45  0  0  0  0  0  4  0  0  0  0  0 
 0  0  0  0  0  0  0  0  0  0  0  0  0  0  0  0  0  0 53 54 55  0  0 59 60 60 60 60 61  0  0  0  0  0  4  0  0  0  0  0 
 0  0  0  0  0  0  0  0  0  0  0  0  0  0  0  0  0  0 59 60 61  0  0  0  0  0  0  0  0  0  0  0  0  0  4  0  0  0  0  0 
 0  0  0  0  0  0  0  0  0  0  0  0  0  0  0  0  0  0  0  0  0  0  0  0  0  0  0  0  0  0  0  0  0  0  4  0  0  0  0  0 
 0  0  0  0  0  0  0  0  0  0  0  0  0  0  0  0  0  0  0  0  0  0  0  0  0  0  0  0  0  0  0  0  0  0  4  0 53 54 55  0 
 0  0  0  0  0  0  0  0  0  0  0  0  0  0  0  0  0  0  0  0  0  0  0  0  0  0  0  0  0  0  0  0  0  0  4  0 59 60 61  0 
 0  0  0  0  0  0  0  0  0  0  0  0  0  0  0 50 51 52  0  0  0  0  0  0  0  0  0  0  0  0  0  0  0  0  4  0  0  0  0  0 
 0  0  0  0  0  0  0  0  0  0  0  0  0  0  0 43 44 45  0  0  0  0  0  0  0  0  0  0  0  0  0  0  0  0  4  0  0  0  0  0 
 0  0  0  0  0  0  0  0  0  0  0  0  0  0  0 43 44 45  0  0  0  0  0  0  0  0  0  0  0  0  0  0  0  0  4  0  0  0  0  0 
 0  0  0  0  0  0  0  0  0  0  0  0  0  0  0 59 60 61  0  0  0  0  0  0  0  0  0  0  0  0  0  0  0  0  4  0  0  0  0  0 
 0  0  0  0  0  0  0  0  0  0  0  0  0  0  0  0  0  0  0  0  0  0  0  0  0  0  0  0  0  0  0  0  0  0  4  0  0  0  0  0 
 0  0  0  0  0  0  0  0  0  0  0  0  0  0  0  0  0  0  0  0  0  0  0  0  0  0  0  0  0  0  0  0  0  0  4  0  0  0  0  0 
 0  0  0  0  0  0  0  0  0  0  0  0  0  0  0  0  0  0  0  0  0  0  0  0  0  0  0  0  0  0  0  0  0  0  4  0  0  0  0  0 
 0  0  0  0  0  0  0  0  0  0  0  0  0  0  0  0  0  0  0  0  0  0  0  0  0  0  0  0  0  0 53 54 55  0  1  2 34  0  0  0 
 0  0  0  0  0  0  0  0  0  0  0  0  0  0  0  0  0  0  0  0  0  0  0  0  0  0  0  0  0  0 59 60 61  0  0  0  4  0  0 53 
 0  0  0  0  0  0  0  0  0  0  0  0  0  0  0  0  0  0  0  0  0  0  0  0  0  0  0  0  0  0  0  0  0  0  7  8 33  0  0 43 
 0  0  0  0  0  0  0  0  0  0  0  0  0  0  0  0  0  0  0  0  0  0  0  0  0  0  0  0  0  0  0  0  0  0  4  0  0  0  0 43 
 0  0  0  0  0  0  0  0  0  0  0  0  0  0  0  0  0  0  0  0  0  0  0  0  0  0  0  0  0  0  0  0  0  0  4  0  0  0  0 59 
 0  0  0  0  0  0  0  0  0  0  0  0  0  0  0  0  0  0  0  0  0  0  0  0  0  0  0  0  0  0  0  0  0  0  1  2 34  0  0  0 
 0  0  0  0  0  0  0  0  0  0  0  0  0  0  0  0  0  0  0  0  0  0  0  0  0  0  0  0  0  0  0  0  0  0  0  0  4  0  0  0 
 0  0  0  0  0  0  0  0  0  0  0  0  0  0  0  0  0  0  0  0  0  0  0  0  0  0  0  0  0  0  0  0  0  0  0  0  4  0  0  0 
 0  0  0  0  0  0  0  0  0  0  0  0  0  0  0  0  0  0  0  0  0  0  0  0  0  0  0  0  0  0  0  0  0  0  0  0  4  0  0 35 
 0  0  0  0  0  0  0  0  0  0  0  0  0  0  0  0  0  0  0  0  0  0  0  0  0  0  0  0  0  0  0  0  0  0  0  0  4  0  0  6 
 0  0  0  0  0  0  0  0  0  0  0  0  0  0  0  0  0  0  0  0  0  0  0  0  0  0  0  0  0  0  0  0  0  0  0  0  4  0  0  6 
 0  0  0  0  0  0  0  0  0  0  0  0  0  0  0  0  0  0  0  0  0  0  0  0  0  0  0  0  0  0  0  0  0  0  0  0  4  0  0  6 
 0  0  0  0  0  0  0  0  0  0  0  0  0  0  0  0  0  0  0  0  0  0  0  0  0  0  0  0  0  0  0  0  0  0  0  0  1  2  2  3 
 0  0  0  0  0  0  0  0  0  0  0  0  0  0  0  0  0  0  0  0  0  0  0  0  0 35  2 34  0  0  0  0  0  0  0  0  0  0  0  0 
 0  0  0  0  0  0  0  0  0  0  0  0  0  0  0  0  0  0  0  0  0  0  0  0  0  6  0  4  0  0  0  0  0  0  0  0  0  0  0  0 
 0  0  0  0  0  0  0  0  0  0  0  0  0  0  0  0  0  0  0  0  0  0  0  0  0  6  0  4  0  0  0  0  0  0  0  0  0  0  0  0 
 0  0  0  0  0  0  0  0  0  0  0  0  0  0  0  0  0  0  0  0  0  0  0  0  0  6  0  4  0  0  0  0  0  0  0  0  0  0  0  0 
 0  0  0  0  0  0  0  0  0  0  0  0  0  0  0  0  0  0  0  0  0  0  0  0  0  6  0  4  0  0  0  0  0  0  0  0  0  0  0  0 
 0  0 17 18 18 18 19  0  0  0  0  0  0  0  0  0  0  0  0  0  0  0  0  0  0  6  0  4  0  0  0  0  0  0  0  0  0  0 53 54 
 0  0 14  0  0  0 16  0  0  0  0  0  0  0  0  0  0  0  0  0  0  0  0  0  0  6  0  4  0  0  0  0  0  0  0  0  0  0 59 60 
 0  0 14  0  0  0 16  0  0  0  0  0  0  0  0  0  0  0  0  0  0  0  0 35  2  3  0  4  0  0  0  0  0  0  0  0  0  0  0  0 

 0  0  0  0  0  0  0  0  0  0  0  0  0  0  0  0  0  0  0  0  0  0  0  0  0  0  0  0  0  0  0  0  0  0  0  0  0  0  0  0 
 0  0  0  0  0  0  0  0  0  0  0  0  0  0  0  0  0  0  0 53 54 55  0  0  0  0  0  0  0  0  0  0  0  0  0  0  0  0  0  0 
 0  0  0  0  0  0  0 53 54 55  0  0  0  0  0  0  0  0  0 59 60 61  0  0  0  0  0  0  0  0  0  0  0  0  0  0  0  0 39 12 
 0  0  0  0  0  0  0 43 44 45  0  0  0  0  0  0  0  0  0  0  0  0  0 53 54 54 54 54 55  0  0  0  0  0  0  0  0  0 16  0 
 0  0  0  0  0  0  0 43 44 45  0  0  0  0  0  0  0  0  0  0  0  0  0 43 44 44 44 44 45  0  0  0  0  0  0  0  0  0 16  0 
 0  0  0  0  0  0  0 56 57 58  0  0  0  0  0  0  0  0  0  0  0  0  0 43 44 44 44 44 45  0  0  0  0  0  0  0  0  0 36 18 
 0  0  0  0  0  0  0  0  0  0  0  0  0  0  0  0  0  0  0  0  0  0  0 59 60 60 60 60 61  0  0  0  0  0  0  0  0  0  0  0 
 0  0  0  0  0  0  0  0  0  0  0  0  0  0  0  0  0  0  0  0  0  0  0  0  0  0  0  0  0  0  0  0  0  0  0  0  0  0  0  0 
 0  0  0  0  0  0  0  0  0  0  0  0  0  0  0  0  0  0  0  0  0  0  0  0  0  0  0  0  0  0  0  0  0  0  0  0  0  0  0  0 
 0  0  0  0  0  0  0  0  0  0  0  0  0  0  0  0  0  0  0  0  0  0  0  0  0  0  0  0  0  0  0  0  0  0  0  0  0  0  0  0 
 0  0  0  0  0  0  0  0  0  0  0  0  0  0  0  0  0  0  0  0  0  0  0  0  0  0  0  0  0  0  0  0  0  0  0  0  0  0  0  0 
 0  0  0  0  0  0  0  0  0  0  0  0  0  0  0  0  0  0  0  0  0  0  0  0  0  0  0  0  0  0  0  0  0  0  0  0  0  0  0  0 
 0  0  0  0  0  0  0  0  0  0  0  0  0  0  0  0  0  0  0  0  0  0  0  0  0  0  0  0  0  0  0  0  0  0  0  0  0  0  0  0 
 0  0  0  0  0  0  0  0  0  0  0  0  0  0  0 53 54 55  0  0  0  0  0  0  0  0  0  0  0  0  0  0  0  0  0  0  0  0  0  0 
 0  0  0  0  0  0  0  0  0  0  0  0  0  0  0 59 60 61  0  0  0  0  0  0  0  0  0  0  0  0  0  0  0  0  0  0  0  0  0  0 
 0  0  0  0  0  0  0  0  0  0  0  0  0  0  0  0  0  0  0  0  0  0  0  0  0  0  0  0  0  0  0  0  0  0  0  0  0  0  0  0 
 0  0  0  0  0  0  0  0  0  0  0  0  0  0  0  0  0  0  0  0  0  0  0  0  0  0  0  0  0  0  0  0  0  0  0  0  0  0  0  0 
 0  0  0  0  0  0  0  0  0  0  0  0  0  0  0  0  0  0  0  0  0  0  0  0  0  0  0  0  0  0  0  0  0  0  0  0  0  0  0  0 
 0  0  0  0  0  0  0  0  0  0  0  0  0  0  0  0  0  0  0  0  0  0  0  0  0  0  0  0  0  0  0  0  0  0  0  0  0  0  0  0 
 0  0  0  0  0  0  0  0  0  0  0  0  0  0  0  0  0  0  0  0  0  0  0  0  0  0  0  0  0  0  0  0  0  0  0  0  0  0  0  0 
 0  0  0  0  0  0  0  0  0  0  0  0  0  0  0  0  0  0  0  0  0  0  0  0  0  0  0  0  0  0  0  0  0  0  0  0  0  0  0  0 
 0  0  0  0  0  0  0  0  0  0  0  0  0  0  0  0  0  0  0  0  0  0  0  0  0  0  0  0  0  0  0  0  0  0  0  0  0  0  0 53 
 0  0  0  0  0  0  0  0  0  0  0  0  0  0  0  0  0  0  0  0  0  0  0  0  0  0  0  0  0  0  0  0  0  0  0  0  0  0  0 59 
 0  0  0  0  0  0  0  0  0  0  0  0  0  0  0  0  0  0  0  0  0  0  0  0  0  0  0  0  0  0  0  0  0  0  0  0  0  0  0  0 
 0  0  0  0  0  0  0  0  0  0  0  0  0  0  0  0  0  0  0  0  0  0  0  0  0  0  0  0  0  0  0  0  0  0  0  0  0  0  0  0 
 0  0  0  0  0  0  0  0  0  0  0  0  0  0  0  0  0  0  0  0  0  0  0  0  0  0  0  0  0  0  0  0  0  0  0  0  0  0  0  0 
 0  0  0  0  0  0  0  0  0  0  0  0  0  0  0  0  0  0  0  0  0  0  0  0  0  0  0  0  0  0  0  0  0  0  0  0  0  0  0  0 
 0  0  0  0  0  0  0  0  0  0  0  0  0  0  0  0  0  0  0  0  0  0  0  0  0  0  0  0  0  0  0  0  0  0  0  0  0  0  0  0 
 0  0  0  0  0  0  0  0  0  0  0  0  0  0  0  0  0  0  0  0  0  0  0  0  0  0  0  0  0  0  0  0  0  0  0  0  0  0  0  0 
 0  0  0  0  0  0  0  0  0  0  0  0  0  0  0  0  0  0  0  0  0  0  0  0  0  0  0  0  0  0  0  0  0  0  0  0  0  0  0  0 
 0  0  0  0  0  0  0  0  0  0  0  0  0  0  0  0  0  0  0  0  0  0  0  0  0  0  0  0  0  0  0  0  0  0  0  0  0  0  0  0 
 0  0  0  0  0  0  0  0  0  0  0  0  0  0  0  0  0  0  0  0  0  0  0  0  0  0  0  0  0  0  0  0  0  0  0  0  0  0  0  0 
 0  0  0  0  0  0  0  0  0  0  0  0  0  0  0  0  0  0  0  0  0  0  0  0  0  0  0  0  0  0  0  0  0  0  0  0  0  0  0  0 
 0  0  0  0  0  0  0  0  0  0  0  0  0  0  0  0  0  0  0  0  0  0  0  0  0  0  0  0  0  0  0  0  0  0  0  0  0  0  0  0 
 0  0  0  0  0  0  0  0  0  0  0  0  0  0  0  0  0  0  0  0  0  0  0  0  0  0  0  0  0  0  0  0  0  0  0  0  0  0  0  0 
 0  0  0  0  0  0  0  0  0  0  0  0  0  0  0  0  0  0  0  0  0  0  0  0  0  0  0  0  0  0  0  0  0  0  0  0  0  0  0  0 
 0  0  0  0  0  0  0  0  0  0  0  0  0  0  0  0  0  0  0  0  0  0  0  0  0  0  0  0  0  0  0  0  0  0  0  0  0  0  0  0 
 0  0 17 18 18 18 19  0  0  0  0  0  0  0  0  0  0  0  0  0  0  0  0  0  0  0  0  0  0  0  0  0  0  0  0  0  0  0  0  0 
 0  0 14  0  0  0 16  0  0  0  0  0  0  0  0  0  0  0  0  0  0  0  0  0  0  0  0  0  0  0  0  0  0  0  0  0  0  0  0  0 
 0  0 14  0  0  0 16  0  0  0  0  0  0  0  0  0  0  0  0  0  0  0  0  0  0  0  0  0  0  0  0  0  0  0  0  0  0  0  0  0 

 0  0  0  0  0  0  0  0  0  0  0  0  0  0  0  0  0  0  0  0  0  0  0  0  0  0  0  0  0  0  0  0  0  0  0  0  0  0  0  0 
 0  0  0  0  0  0  0  0  0  0  0  0  0  0  0  0  0  0  0  0  0  0  0  0  0  0  0  0  0  0  0  0  0  0  0  0  0  0  0  0 
 0  0  0  0  0  0  0  0  0  0  0  0  0  0  0  0  0  0  0  0  0  0  0  0  0  0  0  0  0  0  0  0  0  0  0  0  0  0 35  2 
 0  0  0  0  0  0  0 53 54 55  0  0  0  0  0  0  0  0  0  0  0  0  0  0  0  0  0  0  0  0  0  0  0  0  0  0  0  0  6  0 
 0  0  0  0  0  0  0 59 60 61  0  0  0  0  0  0  0  0  0  0  0  0  0 53 54 54 54 54 55  0  0  0  0  0  0  0  0  0  6  0 
 0  0  0  0  0  0  0  0  0  0  0  0  0  0  0  0  0  0  0  0  0  0  0 59 60 60 60 60 61  0  0  0  0  0  0  0  0  0 32  8 
 0  0  0  0  0  0  0  0  0  0  0  0  0  0  0  0  0  0  0  0  0  0  0  0  0  0  0  0  0  0  0  0  0  0  0  0  0  0  0  0 
 0  0  0  0  0  0  0  0  0  0  0  0  0  0  0  0  0  0  0  0  0  0  0  0  0  0  0  0  0  0  0  0  0  0  0  0  0  0  0  0 
 0  0  0  0  0  0  0  0  0  0  0  0  0  0  0  0  0  0  0  0  0  0  0  0  0  0  0  0  0  0  0  0  0  0  0  0  0  0  0  0 
 0  0  0  0  0  0  0  0  0  0  0  0  0  0  0  0  0  0  0  0  0  0  0  0  0  0  0  0  0  0  0  0  0  0  0  0  0  0  0  0 
 0  0  0  0  0  0  0  0  0  0  0  0  0  0  0  0  0  0  0  0  0  0  0  0  0  0  0  0  0  0  0  0  0  0  0  0  0  0  0  0 
 0  0  0  0  0  0  0  0  0  0  0  0  0  0  0  0  0  0  0  0  0  0  0  0  0  0  0  0  0  0  0  0  0  0  0  0  0  0  0  0 
 0  0  0  0  0  0  0  0  0  0  0  0  0  0  0  0  0  0  0  0  0  0  0  0  0  0  0  0  0  0  0  0  0  0  0  0  0  0  0  0 
 0  0  0  0  0  0  0  0  0  0  0  0  0  0  0  0  0  0  0  0  0  0  0  0  0  0  0  0  0  0  0  0  0  0  0  0  0  0  0  0 
 0  0  0  0  0  0  0  0  0  0  0  0  0  0  0  0  0  0  0  0  0  0  0  0  0  0  0  0  0  0  0  0  0  0  0  0  0  0  0  0 
 0  0  0  0  0  0  0  0  0  0  0  0  0  0  0  0  0  0  0  0  0  0  0  0  0  0  0  0  0  0  0  0  0  0  0  0  0  0  0  0 
 0  0  0  0  0  0  0  0  0  0  0  0  0  0  0  0  0  0  0  0  0  0  0  0  0  0  0  0  0  0  0  0  0  0  0  0  0  0  0  0 
 0  0  0  0  0  0  0  0  0  0  0  0  0  0  0  0  0  0  0  0  0  0  0  0  0  0  0  0  0  0  0  0  0  0  0  0  0  0  0  0 
 0  0  0  0  0  0  0  0  0  0  0  0  0  0  0  0  0  0  0  0  0  0  0  0  0  0  0  0  0  0  0  0  0  0  0  0  0  0  0  0 
 0  0  0  0  0  0  0  0  0  0  0  0  0  0  0  0  0  0  0  0  0  0  0  0  0  0  0  0  0  0  0  0  0  0  0  0  0  0  0  0 
 0  0  0  0  0  0  0  0  0  0  0  0  0  0  0  0  0  0  0  0  0  0  0  0  0  0  0  0  0  0  0  0  0  0  0  0  0  0  0  0 
 0  0  0  0  0  0  0  0  0  0  0  0  0  0  0  0  0  0  0  0  0  0  0  0  0  0  0  0  0  0  0  0  0  0  0  0  0  0  0  0 
 0  0  0  0  0  0  0  0  0  0  0  0  0  0  0  0  0  0  0  0  0  0  0  0  0  0  0  0  0  0  0  0  0  0  0  0  0  0  0  0 
 0  0  0  0  0  0  0  0  0  0  0  0  0  0  0  0  0  0  0  0  0  0  0  0  0  0  0  0  0  0  0  0  0  0  0  0  0  0  0  0 
 0  0  0  0  0  0  0  0  0  0  0  0  0  0  0  0  0  0  0  0  0  0  0  0  0  0  0  0  0  0  0  0  0  0  0  0  0  0  0  0 
 0  0  0  0  0  0  0  0  0  0  0  0  0  0  0  0  0  0  0  0  0  0  0  0  0  0  0  0  0  0  0  0  0  0  0  0  0  0  0  0 
 0  0  0  0  0  0  0  0  0  0  0  0  0  0  0  0  0  0  0  0  0  0  0  0  0  0  0  0  0  0  0  0  0  0  0  0  0  0  0  0 
 0  0  0  0  0  0  0  0  0  0  0  0  0  0  0  0  0  0  0  0  0  0  0  0  0  0  0  0  0  0  0  0  0  0  0  0  0  0  0  0 
 0  0  0  0  0  0  0  0  0  0  0  0  0  0  0  0  0  0  0  0  0  0  0  0  0  0  0  0  0  0  0  0  0  0  0  0  0  0  0  0 
 0  0  0  0  0  0  0  0  0  0  0  0  0  0  0  0  0  0  0  0  0  0  0  0  0  0  0  0  0  0  0  0  0  0  0  0  0  0  0  0 
 0  0  0  0  0  0  0  0  0  0  0  0  0  0  0  0  0  0  0  0  0  0  0  0  0  0  0  0  0  0  0  0  0  0  0  0  0  0  0  0 
 0  0  0  0  0  0  0  0  0  0  0  0  0  0  0  0  0  0  0  0  0  0  0  0  0  0  0  0  0  0  0  0  0  0  0  0  0  0  0  0 
 0  0  0  0  0  0  0  0  0  0  0  0  0  0  0  0  0  0  0  0  0  0  0  0  0  0  0  0  0  0  0  0  0  0  0  0  0  0  0  0 
 0  0  0  0  0  0  0  0  0  0  0  0  0  0  0  0  0  0  0  0  0  0  0  0  0  0  0  0  0  0  0  0  0  0  0  0  0  0  0  0 
 0  0  0  0  0  0  0  0  0  0  0  0  0  0  0  0  0  0  0  0  0  0  0  0  0  0  0  0  0  0  0  0  0  0  0  0  0  0  0  0 
 0  0  0  0  0  0  0  0  0  0  0  0  0  0  0  0  0  0  0  0  0  0  0  0  0  0  0  0  0  0  0  0  0  0  0  0  0  0  0  0 
 0  0  0  0  0  0  0  0  0  0  0  0  0  0  0  0  0  0  0  0  0  0  0  0  0  0  0  0  0  0  0  0  0  0  0  0  0  0  0  0 
 0  0  7  8  8  8  9  0  0  0  0  0  0  0  0  0  0  0  0  0  0  0  0  0  0  0  0  0  0  0  0  0  0  0  0  0  0  0  0  0 
 0  0  4  0  0  0  6  0  0  0  0  0  0  0  0  0  0  0  0  0  0  0  0  0  0  0  0  0  0  0  0  0  0  0  0  0  0  0  0  0 
 0  0  4  0  0  0  6  0  0  0  0  0  0  0  0  0  0  0  0  0  0  0  0  0  0  0  0  0  0  0  0  0  0  0  0  0  0  0  0  0 

 0  0  0  0  0  0  0  0  0  0  0  0  0  0  0  0  0  0  0  0  0  0  0  0  0  0  0  0  0  0  0  0  0  0  0  0  0  0  0  0 
 0  0  0  0  0  0  0  0  0  0  0  0  0  0  0  0  0  0  0  0  0  0  0  0  0  0  0  0  0  0  0  0  0  0  0  0  0  0  0  0 
 0  0  0  0  0  0  0  0  0  0  0  0  0  0  0  0  0  0  0  0  0  0  0  0  0  0  0  0  0  0  0  0  0  0  0  0  0  0  0  0 
 0  0  0  0  0  0  0  0  0  0  0  0  0  0  0  0  0  0  0  0  0  0  0  0  0  0  0  0  0  0  0  0  0  0  0  0  0  0  0  0 
 0  0  0  0  0  0  0  0  0  0  0  0  0  0  0  0  0  0  0  0  0  0  0  0  0  0  0  0  0  0  0  0  0  0  0  0  0  0  0  0 
 0  0  0  0  0  0  0  0  0  0  0  0  0  0  0  0  0  0  0  0  0  0  0  0  0  0  0  0  0  0  0  0  0  0  0  0  0  0  0  0 
 0  0  0  0  0  0  0  0  0  0  0  0  0  0  0  0  0  0  0  0  0  0  0  0  0  0  0  0  0  0  0  0  0  0  0  0  0  0  0  0 
 0  0  0  0  0  0  0  0  0  0  0  0  0  0  0  0  0  0  0  0  0  0  0  0  0  0  0  0  0  0  0  0  0  0  0  0  0  0  0  0 
 0  0  0  0  0  0  0  0  0  0  0  0  0  0  0  0  0  0  0  0  0  0  0  0  0  0  0  0  0  0  0  0  0  0  0  0  0  0  0  0 
 0  0  0  0  0  0  0  0  0  0  0  0  0  0  0  0  0  0  0  0  0  0  0  0  0  0  0  0  0  0  0  0  0  0  0  0  0  0  0  0 
 0  0  0  0  0  0  0  0  0  0  0  0  0  0  0  0  0  0  0  0  0  0  0  0  0  0  0  0  0  0  0  0  0  0  0  0  0  0  0  0 
 0  0  0  0  0  0  0  0  0  0  0  0  0  0  0  0  0  0  0  0  0  0  0  0  0  0  0  0  0  0  0  0  0  0  0  0  0  0  0  0 
 0  0  0  0  0  0  0  0  0  0  0  0  0  0  0  0  0  0  0  0  0  0  0  0  0  0  0  0  0  0  0  0  0  0  0  0  0  0  0  0 
 0  0  0  0  0  0  0  0  0  0  0  0  0  0  0  0  0  0  0  0  0  0  0  0  0  0  0  0  0  0  0  0  0  0  0  0  0  0  0  0 
 0  0  0  0  0  0  0  0  0  0  0  0  0  0  0  0  0  0  0  0  0  0  0  0  0  0  0  0  0  0  0  0  0  0  0  0  0  0  0  0 
 0  0  0  0  0  0  0  0  0  0  0  0  0  0  0  0  0  0  0  0  0  0  0  0  0  0  0  0  0  0  0  0  0  0  0  0  0  0  0  0 
 0  0  0  0  0  0  0  0  0  0  0  0  0  0  0  0  0  0  0  0  0  0  0  0  0  0  0  0  0  0  0  0  0  0  0  0  0  0  0  0 
 0  0  0  0  0  0  0  0  0  0  0  0  0  0  0  0  0  0  0  0  0  0  0  0  0  0  0  0  0  0  0  0  0  0  0  0  0  0  0  0 
 0  0  0  0  0  0  0  0  0  0  0  0  0  0  0  0  0  0  0  0  0  0  0  0  0  0  0  0  0  0  0  0  0  0  0  0  0  0  0  0 
 0  0  0  0  0  0  0  0  0  0  0  0  0  0  0  0  0  0  0  0  0  0  0  0  0  0  0  0  0  0  0  0  0  0  0  0  0  0  0  0 
 0  0  0  0  0  0  0  0  0  0  0  0  0  0  0  0  0  0  0  0  0  0  0  0  0  0  0  0  0  0  0  0  0  0  0  0  0  0  0  0 
 0  0  0  0  0  0  0  0  0  0  0  0  0  0  0  0  0  0  0  0  0  0  0  0  0  0  0  0  0  0  0  0  0  0  0  0  0  0  0  0 
 0  0  0  0  0  0  0  0  0  0  0  0  0  0  0  0  0  0  0  0  0  0  0  0  0  0  0  0  0  0  0  0  0  0  0  0  0  0  0  0 
 0  0  0  0  0  0  0  0  0  0  0  0  0  0  0  0  0  0  0  0  0  0  0  0  0  0  0  0  0  0  0  0  0  0  0  0  0  0  0  0 
 0  0  0  0  0  0  0  0  0  0  0  0  0  0  0  0  0  0  0  0  0  0  0  0  0  0  0  0  0  0  0  0  0  0  0  0  0  0  0  0 
 0  0  0  0  0  0  0  0  0  0  0  0  0  0  0  0  0  0  0  0  0  0  0  0  0  0  0  0  0  0  0  0  0  0  0  0  0  0  0  0 
 0  0  0  0  0  0  0  0  0  0  0  0  0  0  0  0  0  0  0  0  0  0  0  0  0  0  0  0  0  0  0  0  0  0  0  0  0  0  0  0 
 0  0  0  0  0  0  0  0  0  0  0  0  0  0  0  0  0  0  0  0  0  0  0  0  0  0  0  0  0  0  0  0  0  0  0  0  0  0  0  0 
 0  0  0  0  0  0  0  0  0  0  0  0  0  0  0  0  0  0  0  0  0  0  0  0  0  0  0  0  0  0  0  0  0  0  0  0  0  0  0  0 
 0  0  0  0  0  0  0  0  0  0  0  0  0  0  0  0  0  0  0  0  0  0  0  0  0  0  0  0  0  0  0  0  0  0  0  0  0  0  0  0 
 0  0  0  0  0  0  0  0  0  0  0  0  0  0  0  0  0  0  0  0  0  0  0  0  0  0  0  0  0  0  0  0  0  0  0  0  0  0  0  0 
 0  0  0  0  0  0  0  0  0  0  0  0  0  0  0  0  0  0  0  0  0  0  0  0  0  0  0  0  0  0  0  0  0  0  0  0  0  0  0  0 
 0  0  0  0  0  0  0  0  0  0  0  0  0  0  0  0  0  0  0  0  0  0  0  0  0  0  0  0  0  0  0  0  0  0  0  0  0  0  0  0 
 0  0  0  0  0  0  0  0  0  0  0  0  0  0  0  0  0  0  0  0  0  0  0  0  0  0  0  0  0  0  0  0  0  0  0  0  0  0  0  0 
 0  0  0  0  0  0  0  0  0  0  0  0  0  0  0  0  0  0  0  0  0  0  0  0  0  0  0  0  0  0  0  0  0  0  0  0  0  0  0  0 
 0  0  0  0  0  0  0  0  0  0  0  0  0  0  0  0  0  0  0  0  0  0  0  0  0  0  0  0  0  0  0  0  0  0  0  0  0  0  0  0 
 0  0  0  0  0  0  0  0  0  0  0  0  0  0  0  0  0  0  0  0  0  0  0  0  0  0  0  0  0  0  0  0  0  0  0  0  0  0  0  0 
 0  0  0  0  0  0  0  0  0  0  0  0  0  0  0  0  0  0  0  0  0  0  0  0  0  0  0  0  0  0  0  0  0  0  0  0  0  0  0  0 
 0  0  0  0  0  0  0  0  0  0  0  0  0  0  0  0  0  0  0  0  0  0  0  0  0  0  0  0  0  0  0  0  0  0  0  0  0  0  0  0 
 0  0  0  0  0  0  0  0  0  0  0  0  0  0  0  0  0  0  0  0  0  0  0  0  0  0  0  0  0  0  0  0  0  0  0  0  0  0  0  0 

<Objects>
3D Studio Scenes\castle.max
somethin'
$castle9
$snow9
#
somethin'
$castle4
$snow4
#
somethin'
$castle1
$snow1
#
somethin'
$castle8
$snow8
#
somethin'
$underground
#
somethin'
$castle2
$snow2
#
somethin'
$castle7
$snow7
#
somethin'
$castle6
$snow6
#
somethin'
$castle3
$snow3
#
somethin'10
$underground
#
somethin'1
$round
#
somethin'2
$wall
#
somethin'3
$round
#
somethin'4
$2wall
#
somethin'5
$round
#
somethin'6
$4wall
#
somethin'7
$round
#
somethin'8
$3wall
#
somethin'9
$round
#
tree20
$tree
#
ground
$ground
#
22
$ground1
#
23
$ground2
#
24
$ground3
#
25
$ground6
#
26
$ground7
#
27
$ground9
#
28
$gateA
$3gateB
#
29
$gateA01
$2gateB
#
30
$gateA
$1gateB
#
31
$gateA01
$4gateB
#
32
$quarter
$quarters
#
33
$quarter01
$quarters01
#
34
$quarter02
$quarters02
#
35
$quarter03
$quarters03
#
36
$round
#
37
$round
#
38
$round
#
39
$round
#
40
$1round
$block
#
41
$block
#
42
$7round
$block
#
43
$block
#
44
#
45
$block
#
46
$3round
$block
#
47
$block
#
48
$9round
$block
#
49
$Box
#
50
$1tower
$1towers
$frontd
$fronte
$frontf
$frontt
$1side
$1sides
$rooft
#
51
$1side
$1sides
$rooft
#
52
$7tower
$7towers
$backd
$backe
$backf
$backt
$1side
$1sides
$rooft
#
53
$frontd
$fronte
$frontf
$frontt
#
54
$rooft
#
55
$backd
$backe
$backf
$backt
#
56
$3tower
$3towers
$fronta
$frontb
$frontc
$fronts
$side
$sides
$roofs
#
57
$side
$sides
$roofs
#
58
$9tower
$9towers
$backa
$backb
$backc
$backs
$side
$sides
$roofs
#
59
$fronta
$frontb
$frontc
$fronts
#
60
$roofs
#
61
$backa
$backb
$backc
$backs
#