Model generated using Paul Merrell's model synthesis algorithm.  Do not insert or delete lines from this file.

x, y, and z extents
30 30 10

 1  1  1  1  1  1  1  1  1  1  1  1  1  1  1  1  1  1  1  1  1  1  1  1  1  1  1  1  1  1 
 1  1  1  1  1  1  1  1  1  1  1  1  1  1  1  1  1  1  1  1  1  1  1  1  1  1  1  1  1  1 
 1  1  1  1  1  1  1  1  1  1  1  1  1  1  1  1  1  1  1  1  1  1  1  1  1  1  1  1  1  1 
 1  1  1  1  1  1  1  1  1  1  1  1  1  1  1  1  1  1  1  1  1  1  1  1  1  1  1  1  1  1 
 1  1  1  1  1  1  1  1  1  1  1  1  1  1  1  1  1  1  1  1  1  1  1  1  1  1  1  1  1  1 
 1  1  1  1  1  1  1  1  1  1  1  1  1  1  1  1  1  1  1  1  1  1  1  1  1  1  1  1  1  1 
 1  1  1  1  1  1  1  1  1  1  1  1  1  1  1  1  1  1  1  1  1  1  1  1  1  1  1  1  1  1 
 1  1  1  1  1  1  1  1  1  1  1  1  1  1  1  1  1  1  1  1  1  1  1  1  1  1  1  1  1  1 
 1  1  1  1  1  1  1  1  1  1  1  1  1  1  1  1  1  1  1  1  1  1  1  1  1  1  1  1  1  1 
 1  1  1  1  1  1  1  1  1  1  1  1  1  1  1  1  1  1  1  1  1  1  1  1  1  1  1  1  1  1 
 1  1  1  1  1  1  1  1  1  1  1  1  1  1  1  1  1  1  1  1  1  1  1  1  1  1  1  1  1  1 
 1  1  1  1  1  1  1  1  1  1  1  1  1  1  1  1  1  1  1  1  1  1  1  1  1  1  1  1  1  1 
 1  1  1  1  1  1  1  1  1  1  1  1  1  1  1  1  1  1  1  1  1  1  1  1  1  1  1  1  1  1 
 1  1  1  1  1  1  1  1  1  1  1  1  1  1  1  1  1  1  1  1  1  1  1  1  1  1  1  1  1  1 
 1  1  1  1  1  1  1  1  1  1  1  1  1  1  1  1  1  1  1  1  1  1  1  1  1  1  1  1  1  1 
 1  1  1  1  1  1  1  1  1  1  1  1  1  1  1  1  1  1  1  1  1  1  1  1  1  1  1  1  1  1 
 1  1  1  1  1  1  1  1  1  1  1  1  1  1  1  1  1  1  1  1  1  1  1  1  1  1  1  1  1  1 
 1  1  1  1  1  1  1  1  1  1  1  1  1  1  1  1  1  1  1  1  1  1  1  1  1  1  1  1  1  1 
 1  1  1  1  1  1  1  1  1  1  1  1  1  1  1  1  1  1  1  1  1  1  1  1  1  1  1  1  1  1 
 1  1  1  1  1  1  1  1  1  1  1  1  1  1  1  1  1  1  1  1  1  1  1  1  1  1  1  1  1  1 
 1  1  1  1  1  1  1  1  1  1  1  1  1  1  1  1  1  1  1  1  1  1  1  1  1  1  1  1  1  1 
 1  1  1  1  1  1  1  1  1  1  1  1  1  1  1  1  1  1  1  1  1  1  1  1  1  1  1  1  1  1 
 1  1  1  1  1  1  1  1  1  1  1  1  1  1  1  1  1  1  1  1  1  1  1  1  1  1  1  1  1  1 
 1  1  1  1  1  1  1  1  1  1  1  1  1  1  1  1  1  1  1  1  1  1  1  1  1  1  1  1  1  1 
 1  1  1  1  1  1  1  1  1  1  1  1  1  1  1  1  1  1  1  1  1  1  1  1  1  1  1  1  1  1 
 1  1  1  1  1  1  1  1  1  1  1  1  1  1  1  1  1  1  1  1  1  1  1  1  1  1  1  1  1  1 
 1  1  1  1  1  1  1  1  1  1  1  1  1  1  1  1  1  1  1  1  1  1  1  1  1  1  1  1  1  1 
 1  1  1  1  1  1  1  1  1  1  1  1  1  1  1  1  1  1  1  1  1  1  1  1  1  1  1  1  1  1 
 1  1  1  1  1  1  1  1  1  1  1  1  1  1  1  1  1  1  1  1  1  1  1  1  1  1  1  1  1  1 
 1  1  1  1  1  1  1  1  1  1  1  1  1  1  1  1  1  1  1  1  1  1  1  1  1  1  1  1  1  1 

 3 14 21 13 22 14  3 105 105 105 105 106 105 105  3 105 105 105 105 105 105 106 105  3 105 105  3 105 105 106 
 7  2 14  3 14 14  3 105 105 105 105 105 105 105  3 105 106 105 105 105 106 105 105  3 105 105  3 105 106 105 
 2  2 14  3 14 14  3 105 105 106 105 106 105 105  3 105 105 106 105 105 105 105 105  3 105 105  3 105 105 105 
 2  2 14  3 14 14  3 105 105 105 105 105 105 105  3 105 105 105 105 105 105 106 105  3 105 105  3 105 106 105 
 2  2 14 19 14 14  3 105 105 106 105 106 105 105  3 105 106 105 105 105 106 105 105  3 105 105  3 105 105 106 
 2  2 20 14 14 14  3 105 105 105 106 105 105 105  3 105 105 106 105 105 105 106 105  3 105 105  3 105 105 105 
 2  2  3 14 14 14  3 105 105 106 105 105 105 105  3 105 106 105 105 105 105 105 105  3 105 105  3 105 105 105 
 6  2 19 14  2  2  3 105 105 105 105 105 105 105  3 105 105 105 105 105 105 105 105  3 105 105  3 105 105 105 
 3  2 14 14 14 21 13  4  4  4  4  4  4  4 12  4  4  4  4  4  4  4  4 13  4  4 12  4  4  4 
 7  2  2  2  2  2  3  2  2  2  2  2  2  2  2  2  2  2  2  2  2  2  2 19  2  2  2  2  2  2 
 2 14 14  2  2 14  3 14 14 14 14 14 21  4  6  2  2  2  2  2  2 40  2 14 14 14  2  2  2  2 
14 20 14  2  5  4 12  4  4  4  4 22 14 14  3  2  2  2  2  2  2 14  2 20 14 14  2  2  2  2 
14  3 14  2  3 14  2 14 14 14 14 14 14 14  3  2  2  2  2  2  2 14 21 13  4  4  6  2  2  2 
14  3 14 21 13  4 10  4  4 22 14 14 14 14  3  2  2  2  2  2  2  2 14  3 14 14  3 14 14 14 
14  3 14  2  3 14  3 14  2  2  2  2 14 14  3  2  5  4  6  2 40  2 14  3  2  2  3 14 14 14 
14  3 14 14  3 14 19 14  2 40 14 14 14 14  3 14  3 14  3  2 14  2 14  3 14 14  3 14 14  2 
 4 13  4  4  7  2 14 14  2  2  2 20 14  2  3 14  3 14 19 14 14 14  2  3  2  2  3 14 14 40 
14  3 14 14  2  2  2  2 14 14 14  3 14 14  3 14  3 14 14 14 14 14 14  3 14 14 19  2 14  2 
 2  3 14 14  2 40  2  5  4  4  4 11  2  2  3  2  3  2 20 14 20 14 14  3  2 14 14  2 14 14 
 2  3 14 14  2 14  2  3 14 14 14  3  2 14  3 14  3 14  3 14  3 14 14  3 14 14 14  2 14 14 
 2  3 14 14  2 40  2  8  4  4  4 12  4  4 11  2  9  4 13  4 13  4  4 11  2  2 14  2 14 14 
 2  3 14 14  2  2  2  2  2  2  2  2  2 14  3 14  3 14  3 14  3 14 14  3 14 14 14 14 14 14 
 2  3  2  2  2  2  2  2  2  2  2 14 14 14  3  2  3 14  3  2  3  2  2  8  4  4  4  4 22 14 
 2  9  4  6  2  2  2  2  2  2  2 14 14 14  3  2  8  4  7  2  8  4  6  2  2  2 14 14 14 14 
14  3 14  3 14 14  2  2  2  2  2  2  2 14  3  2  2 14  2  2  2  2  3 14 14 14 20 14  2  2 
14  3  2  9  4  4  6  2  2  2 40  2  2 14  3  2  2 40  2  2  2  2  9  4  4  4 13  4 10  4 
14  3 14  3 14 14  3 14 14  2 14  2  2 14  3 14 14  2  2  2  2  2  3 14 14 14  3 14  3 14 
 4 12  4  7  2 14 19 14 14  2 14 14 14 14  3 14 20  2  2  2  2  2  9  4  4  4 12  4 11  2 
14  2 14  2 14 14 14 14 14 40  2  2  2 14  3 14  3  2 40 14 14 14  3 14  2 14  2 14  3 14 
14  2 14  2 14 14  2 14 14  2 40  2  2 14 19 14  3  2  2  2  2  2  3  2 40 14 14 14  3 14 

34 21 17  0 18 31  0  0  0  0  0  0  0  0  0  0  0  0  0  0  0  0  0  0  0  0  0  0  0  0 
 0  0 14 34 14 23  0  0  0  0  0  0  0  0  0  0  0  0  0  0  0  0  0  0  0  0  0  0  0  0 
99  0 20  0 14 23  0  0  0  0  0  0  0  0  0  0  0  0  0  0  0  0  0  0  0  0  0  0  0  0 
96  0 23  0 14 23  0  0  0  0  0  0  0  0  0  0  0  0  0  0  0  0  0  0  0  0  0  0  0  0 
96  0 23 15 14 23  0  0  0  0  0  0  0  0  0  0  0  0  0  0  0  0  0  0  0  0  0  0  0  0 
96  0 16 23 14 19  0  0  0  0  0  0  0  0  0  0  0  0  0  0  0  0  0  0  0  0  0  0  0  0 
93  0  0 23 14 14  0  0  0  0  0  0  0  0  0  0  0  0  0  0  0  0  0  0  0  0  0  0  0  0 
 0  0 15 23  0  0  0  0  0  0  0  0  0  0  0  0  0  0  0  0  0  0  0  0  0  0  0  0  0  0 
 0  0 28 32 24 17  0  0 101  0  0  0  0  0  0 101  0 101  0 101  0 101  0  0 101  0  0  0  0  0 
 0  0  0  0  0  0  0  0  0  0  0  0  0  0  0  0  0  0  0  0  0  0  0 15  0  0  0 97 98 99 
 0 25 26  0  0 14 34 14 14 21 24 24 17  0  0  0 97 98 98 99  0 60  0 23 14 14  0 94 95 96 
14 16 23  0  0 35  0 35  0  0  0 18 24 26  0  0 94 95 95 96  0 23  0 16 14 14  0 94 95 96 
20  0 23  0  0 14  0 14 14 14 14 14 14 23  0  0 94 95 95 96  0 28 17  0  0  0  0 91 92 93 
23  0 29 17  0 35  0 35  0 18 24 24 24 31  0  0 91 92 92 93  0  0 14 34 14 14 34 14 14 14 
19  0 23  0  0 14  0 20  0  0  0  0 14 23  0  0  0  0  0  0 40  0 14  0  0  0  0 14 14 14 
14  0 28 22 34 14 15 23  0 59 24 30 24 27  0 14 34 14  0  0 14  0 14 34 14 14 34 14 14  0 
35  0  0  0  0  0 28 27  0  0  0 16 14  0  0 14  0 14 15 14 14 14  0  0  0  0  0 14 14 40 
14 34 14 14  0  0  0  0 14 14 14  0 14 14 34 14 34 14 23 14 20 14 14 34 14 14 15  0 14  0 
99  0 20 14  0 60  0  0 35  0 35  0  0  0  0  0  0  0 16 14 16 14 14  0  0 14 19  0 14 14 
96  0 23 14  0 23  0  0 14 14 14  0  0 14 34 14 34 14  0 14  0 14 14 34 14 14 14  0 14 14 
96  0 19 14  0 58  0  0  0  0  0  0  0 35  0  0  0 35  0 35  0 35  0  0  0  0 14  0 14 14 
96  0 14 14  0  0  0 97 98 99  0  0  0 14 34 14 34 14 34 14 34 14 14 34 14 14 14 14 14 14 
93  0  0  0  0  0  0 94 95 96  0 14 14 14  0  0  0 14  0  0  0  0  0  0  0  0 35  0 18 22 
 0  0  0  0  0  0  0 94 95 96  0 14 14 14  0  0  0 35  0  0  0  0  0  0  0  0 20 14 14 14 
14 34 14 34 14 14  0 91 92 93  0  0  0 14  0  0  0 14  0 97 98 99  0 14 14 14 16 14  0  0 
14  0  0  0  0 35  0  0  0  0 60  0  0 20  0  0  0 40  0 94 95 96  0 35  0 35  0 35  0  0 
14 34 14 34 14 14  0 14 14  0 23  0  0 23  0 25 26  0  0 94 95 96  0 14 14 14 34 14 34 14 
35  0 35  0  0 14 15 14 14  0 28 24 24 31  0 23 16  0  0 91 92 93  0 35  0 35  0 35  0  0 
14  0 20  0 25 24 32 24 24 36  0  0  0 23  0 23  0  0 40 14 14 14 34 14  0 14  0 14  0 25 
20  0 23  0 23 14  0 14 14  0 60  0  0 23 15 23  0  0  0 97 98 99  0  0 40 14 14 14  0 19 

24 17  0  0  0  0  0  0  0  0  0  0  0  0  0  0  0  0  0  0  0  0  0  0  0  0  0  0  0  0 
 0  0 25 24 26  0  0  0  0  0  0  0  0  0  0  0  0  0  0  0  0  0  0  0  0  0  0  0  0  0 
69  0 16  0 23  0  0  0  0  0  0  0  0  0  0  0  0  0  0  0  0  0  0  0  0  0  0  0  0  0 
66  0  0  0 23  0  0  0  0  0  0  0  0  0  0  0  0  0  0  0  0  0  0  0  0  0  0  0  0  0 
66  0  0  0 23  0  0  0  0  0  0  0  0  0  0  0  0  0  0  0  0  0  0  0  0  0  0  0  0  0 
66  0  0  0 23 15  0  0  0  0  0  0  0  0  0  0  0  0  0  0  0  0  0  0  0  0  0  0  0  0 
63  0  0  0 28 27  0  0  0  0  0  0  0  0  0  0  0  0  0  0  0  0  0  0  0  0  0  0  0  0 
 0  0 104  0  0  0  0  0  0  0  0  0  0  0  0  0  0  0  0  0  0  0  0  0  0  0  0  0  0  0 
 0  0  0  0  0  0  0  0  0  0  0  0  0  0  0  0  0  0  0  0  0  0  0  0  0  0  0  0  0  0 
 0  0  0  0  0  0  0  0  0  0  0  0  0  0  0  0  0  0  0  0  0  0  0  0  0  0  0 67 68 69 
 0  0  0  0  0 25 24 30 24 17  0  0  0  0  0  0 67 68 68 69  0  0  0  0 25 26  0 64 65 66 
26  0 102  0  0 23  0 23  0  0  0  0  0  0  0  0 64 65 65 66  0 102  0  0 28 27  0 64 65 66 
16  0  0  0  0 23  0 29 24 22 14 14 14  0  0  0 64 65 65 66  0  0  0  0  0  0  0 61 62 63 
 0  0  0  0  0 23  0 23  0  0  0  0 35  0  0  0 61 62 62 63  0  0 25 24 24 24 24 24 24 24 
15  0  0  0  0 23  0 16  0  0  0  0 14  0  0  0  0  0  0  0 60  0 19  0  0  0  0 14 14 14 
19  0  0 18 24 27  0  0  0  0  0  0 35  0  0 25 24 26  0  0 23  0 14 14 14 14 14 14 14  0 
14  0  0  0  0  0  0  0  0  0  0  0 14  0  0 19  0 19  0 14 23 14  0  0  0  0  0 14 14 40 
24 24 30 26  0  0  0  0 14 14 14  0 14 14 14 14 14 14  0 14 16 14 14 14 14 14  0  0 14  0 
69  0 16 23  0  0  0  0 14  0 14  0  0  0  0  0  0  0  0 14  0 20 14  0  0 14 15  0 14 14 
66  0  0 23  0  0  0  0 14 14 14  0  0 14 14 14 14 14  0 20  0 23 14 14 14 14 23  0 14 14 
66  0 15 23  0  0  0  0  0  0  0  0  0 14  0  0  0 14  0 23  0 23  0  0  0  0 23  0 14 14 
66  0 28 27  0  0  0 67 68 69  0  0  0 14 14 21 24 24 24 32 24 32 24 24 22 14 23 14 21 24 
63  0  0  0  0  0  0 64 65 66  0 14 14 14  0  0  0 14  0  0  0  0  0  0  0  0 23  0  0 18 
 0  0  0  0  0  0  0 64 65 66  0 14 14 14  0  0  0 14  0  0  0  0  0  0  0  0 16 14 14 14 
21 24 24 24 22 14  0 61 62 63  0  0  0 20  0  0  0 14  0 67 68 69  0 25 22 14  0 14  0  0 
14  0  0  0  0 14  0  0  0  0  0  0  0 16  0  0  0 40  0 64 65 66  0 23  0 14  0 14  0  0 
24 24 30 24 22 14  0 25 26  0 102  0  0  0  0  0  0  0  0 64 65 66  0 29 24 24 24 24 24 22 
14  0 23  0  0 14  0 28 27  0  0  0  0  0  0 102  0  0  0 61 62 63  0 23  0 14  0 14  0  0 
20  0 16  0  0 35  0  0  0  0  0  0  0  0  0  0  0  0 59 24 24 24 24 27  0 14  0 14  0  0 
16  0  0  0  0 20  0 14 14  0  0  0  0 102  0 102  0  0  0 67 68 69  0  0 40 14 14 14  0 15 

101  0  0  0  0  0  0  0  0  0  0  0  0  0  0  0  0  0  0  0  0  0  0  0  0  0  0  0  0  0 
 0  0  0 101  0  0  0  0  0  0  0  0  0  0  0  0  0  0  0  0  0  0  0  0  0  0  0  0  0  0 
69  0  0  0  0  0  0  0  0  0  0  0  0  0  0  0  0  0  0  0  0  0  0  0  0  0  0  0  0  0 
66  0  0  0 102  0  0  0  0  0  0  0  0  0  0  0  0  0  0  0  0  0  0  0  0  0  0  0  0  0 
66  0  0  0  0  0  0  0  0  0  0  0  0  0  0  0  0  0  0  0  0  0  0  0  0  0  0  0  0  0 
66  0  0  0 102  0  0  0  0  0  0  0  0  0  0  0  0  0  0  0  0  0  0  0  0  0  0  0  0  0 
63  0  0  0  0  0  0  0  0  0  0  0  0  0  0  0  0  0  0  0  0  0  0  0  0  0  0  0  0  0 
 0  0  0  0  0  0  0  0  0  0  0  0  0  0  0  0  0  0  0  0  0  0  0  0  0  0  0  0  0  0 
 0  0  0  0  0  0  0  0  0  0  0  0  0  0  0  0  0  0  0  0  0  0  0  0  0  0  0  0  0  0 
 0  0  0  0  0  0  0  0  0  0  0  0  0  0  0  0  0  0  0  0  0  0  0  0  0  0  0 67 68 69 
 0  0  0  0  0  0 101  0 101  0  0  0  0  0  0  0 87 88 88 89  0  0  0  0  0  0  0 64 65 66 
 0  0  0  0  0  0  0  0  0  0  0  0  0  0  0  0 84 85 85 86  0  0  0  0  0  0  0 64 65 66 
 0  0  0  0  0 102  0  0  0 18 24 22 14  0  0  0 84 85 85 86  0  0  0  0  0  0  0 61 62 63 
 0  0  0  0  0  0  0 102  0  0  0  0 14  0  0  0 81 82 82 83  0  0  0  0  0 101  0  0  0  0 
 0  0  0  0  0  0  0  0  0  0  0  0 14  0  0  0  0  0  0  0  0  0 15  0  0  0  0 25 22 14 
15  0  0  0  0  0  0  0  0  0  0  0 14  0  0  0 101  0  0  0  0  0 28 22 14 14 14 23 14  0 
27  0  0  0  0  0  0  0  0  0  0  0 14  0  0 15  0 15  0 14 34 14  0  0  0  0  0 28 24 36 
 0  0  0  0  0  0  0  0 25 24 26  0 14 21 24 32 24 27  0 20  0 20 14 14 14 14  0  0 14  0 
69  0  0  0  0  0  0  0 23  0 19  0  0  0  0  0  0  0  0 23  0 16 14  0  0 14  0  0 14 14 
66  0  0 102  0  0  0  0 28 22 14  0  0 25 22 14 14 14  0 16  0  0 14 14 14 14  0  0 14 14 
66  0 103  0  0  0  0  0  0  0  0  0  0 23  0  0  0 14  0  0  0  0  0  0  0  0  0  0 14 14 
66  0  0  0  0  0  0 67 68 69  0  0  0 29 24 17  0 35  0  0 101  0  0  0 18 22 34 21 17  0 
63  0  0  0  0  0  0 64 65 66  0 14 14 23  0  0  0 14  0  0  0  0  0  0  0  0  0  0  0  0 
 0  0  0  0  0  0  0 64 65 66  0 14 14 23  0  0  0 14  0  0  0  0  0  0  0  0  0 25 22 14 
17  0 101  0 18 26  0 61 62 63  0  0  0 16  0  0  0 14  0 87 88 89  0  0 18 26  0 19  0  0 
14  0  0  0  0 23  0  0  0  0  0  0  0  0  0  0  0 40  0 84 85 86  0 102  0 19  0 14  0  0 
35  0  0  0 18 31  0  0  0  0  0  0  0  0  0  0  0  0  0 84 85 86  0  0  0 35  0 35  0 18 
20  0 102  0  0 23  0  0  0  0  0  0  0  0  0  0  0  0  0 81 82 83  0  0  0 14  0 20  0  0 
16  0  0  0  0 23  0  0  0  0  0  0  0  0  0  0  0  0  0  0  0  0 101  0  0 14  0 23  0  0 
 0  0  0  0  0 16  0 14 14  0  0  0  0  0  0  0  0  0  0 67 68 69  0  0 59 24 24 31  0 104 

 0  0  0  0  0  0  0  0  0  0  0  0  0  0  0  0  0  0  0  0  0  0  0  0  0  0  0  0  0  0 
 0  0  0  0  0  0  0  0  0  0  0  0  0  0  0  0  0  0  0  0  0  0  0  0  0  0  0  0  0  0 
69  0  0  0  0  0  0  0  0  0  0  0  0  0  0  0  0  0  0  0  0  0  0  0  0  0  0  0  0  0 
66  0  0  0  0  0  0  0  0  0  0  0  0  0  0  0  0  0  0  0  0  0  0  0  0  0  0  0  0  0 
66  0  0  0  0  0  0  0  0  0  0  0  0  0  0  0  0  0  0  0  0  0  0  0  0  0  0  0  0  0 
66  0  0  0  0  0  0  0  0  0  0  0  0  0  0  0  0  0  0  0  0  0  0  0  0  0  0  0  0  0 
63  0  0  0  0  0  0  0  0  0  0  0  0  0  0  0  0  0  0  0  0  0  0  0  0  0  0  0  0  0 
 0  0  0  0  0  0  0  0  0  0  0  0  0  0  0  0  0  0  0  0  0  0  0  0  0  0  0  0  0  0 
 0  0  0  0  0  0  0  0  0  0  0  0  0  0  0  0  0  0  0  0  0  0  0  0  0  0  0  0  0  0 
 0  0  0  0  0  0  0  0  0  0  0  0  0  0  0  0  0  0  0  0  0  0  0  0  0  0  0 67 68 69 
 0  0  0  0  0  0  0  0  0  0  0  0  0  0  0  0 77 78 78 79  0  0  0  0  0  0  0 64 65 66 
 0  0  0  0  0  0  0  0  0  0  0  0  0  0  0  0 74 75 75 76  0  0  0  0  0  0  0 64 65 66 
 0  0  0  0  0  0  0  0  0  0  0 18 26  0  0  0 74 75 75 76  0  0  0  0  0  0  0 61 62 63 
 0  0  0  0  0  0  0  0  0  0  0  0 19  0  0  0 71 72 72 73  0  0  0  0  0  0  0  0  0  0 
 0  0  0  0  0  0  0  0  0  0  0  0 14  0  0  0  0  0  0  0  0  0 104  0  0  0  0  0 18 24 
 0  0  0  0  0  0  0  0  0  0  0  0 20  0  0  0  0  0  0  0  0  0  0 18 22 14 14 34 14  0 
 0  0  0  0  0  0  0  0  0  0  0  0 23  0  0 103  0 104  0 25 24 26  0  0  0  0  0  0 35  0 
 0  0  0  0  0  0  0  0  0  0  0  0 28 17  0  0  0  0  0 16  0 16 14 14 14 14  0  0 14  0 
69  0  0  0  0  0  0  0 102  0 15  0  0  0  0  0  0  0  0  0  0  0 14  0  0 14  0  0 14 14 
66  0  0  0  0  0  0  0  0 18 27  0  0  0 18 22 14 14  0  0  0  0 14 14 14 14  0  0 14 14 
66  0  0  0  0  0  0  0  0  0  0  0  0  0  0  0  0 14  0  0  0  0  0  0  0  0  0  0 14 14 
66  0  0  0  0  0  0 87 88 89  0  0  0  0 101  0  0 14  0  0  0  0  0  0  0 18 24 17  0  0 
63  0  0  0  0  0  0 84 85 86  0 14 14  0  0  0  0 14  0  0  0  0  0  0  0  0  0  0  0  0 
 0  0  0  0  0  0  0 84 85 86  0 14 14  0  0  0  0 14  0  0  0  0  0  0  0  0  0  0 18 22 
 0  0  0  0  0  0  0 81 82 83  0  0  0  0  0  0  0 14  0 77 78 79  0  0  0  0  0 15  0  0 
26  0  0  0  0 102  0  0  0  0  0  0  0  0  0  0  0 40  0 74 75 76  0  0  0 15  0 23  0  0 
23  0  0  0  0  0  0  0  0  0  0  0  0  0  0  0  0  0  0 74 75 76  0  0  0 23  0 23  0  0 
16  0  0  0  0 102  0  0  0  0  0  0  0  0  0  0  0  0  0 71 72 73  0  0  0 19  0 16  0  0 
 0  0  0  0  0  0  0  0  0  0  0  0  0  0  0  0  0  0  0  0  0  0  0  0  0 14  0  0  0  0 
 0  0  0  0  0  0  0 25 26  0  0  0  0  0  0  0  0  0  0 87 88 89  0  0  0 35  0  0  0  0 

 0  0  0  0  0  0  0  0  0  0  0  0  0  0  0  0  0  0  0  0  0  0  0  0  0  0  0  0  0  0 
 0  0  0  0  0  0  0  0  0  0  0  0  0  0  0  0  0  0  0  0  0  0  0  0  0  0  0  0  0  0 
89  0  0  0  0  0  0  0  0  0  0  0  0  0  0  0  0  0  0  0  0  0  0  0  0  0  0  0  0  0 
86  0  0  0  0  0  0  0  0  0  0  0  0  0  0  0  0  0  0  0  0  0  0  0  0  0  0  0  0  0 
86  0  0  0  0  0  0  0  0  0  0  0  0  0  0  0  0  0  0  0  0  0  0  0  0  0  0  0  0  0 
86  0  0  0  0  0  0  0  0  0  0  0  0  0  0  0  0  0  0  0  0  0  0  0  0  0  0  0  0  0 
83  0  0  0  0  0  0  0  0  0  0  0  0  0  0  0  0  0  0  0  0  0  0  0  0  0  0  0  0  0 
 0  0  0  0  0  0  0  0  0  0  0  0  0  0  0  0  0  0  0  0  0  0  0  0  0  0  0  0  0  0 
 0  0  0  0  0  0  0  0  0  0  0  0  0  0  0  0  0  0  0  0  0  0  0  0  0  0  0  0  0  0 
 0  0  0  0  0  0  0  0  0  0  0  0  0  0  0  0  0  0  0  0  0  0  0  0  0  0  0 87 88 89 
 0  0  0  0  0  0  0  0  0  0  0  0  0  0  0  0  0  0  0  0  0  0  0  0  0  0  0 84 85 86 
 0  0  0  0  0  0  0  0  0  0  0  0  0  0  0  0 77 78 78 79  0  0  0  0  0  0  0 84 85 86 
 0  0  0  0  0  0  0  0  0  0  0  0  0  0  0  0 71 72 72 73  0  0  0  0  0  0  0 81 82 83 
 0  0  0  0  0  0  0  0  0  0  0  0 15  0  0  0  0  0  0  0  0  0  0  0  0  0  0  0  0  0 
 0  0  0  0  0  0  0  0  0  0  0  0 23  0  0  0  0  0  0  0  0  0  0  0  0  0  0  0  0 101 
 0  0  0  0  0  0  0  0  0  0  0  0 16  0  0  0  0  0  0  0  0  0  0  0 18 22 14 14 14  0 
 0  0  0  0  0  0  0  0  0  0  0  0  0  0  0  0  0  0  0  0  0  0  0  0  0  0  0  0 14  0 
 0  0  0  0  0  0  0  0  0  0  0  0  0  0  0  0  0  0  0  0  0  0 14 21 24 26  0  0 14  0 
89  0  0  0  0  0  0  0  0  0  0  0  0  0  0  0  0  0  0  0  0  0 14  0  0 19  0  0 14 14 
86  0  0  0  0  0  0  0  0  0  0  0  0  0  0 18 24 26  0  0  0  0 14 14 14 14  0  0 14 14 
86  0  0  0  0  0  0  0  0  0  0  0  0  0  0  0  0 19  0  0  0  0  0  0  0  0  0  0 14 14 
86  0  0  0  0  0  0 77 78 79  0  0  0  0  0  0  0 14  0  0  0  0  0  0  0  0  0  0  0  0 
83  0  0  0  0  0  0 74 75 76  0 25 26  0  0  0  0 14  0  0  0  0  0  0  0  0  0  0  0  0 
 0  0  0  0  0  0  0 74 75 76  0 28 27  0  0  0  0 20  0  0  0  0  0  0  0  0  0  0  0 18 
 0  0  0  0  0  0  0 71 72 73  0  0  0  0  0  0  0 23  0  0  0  0  0  0  0  0  0 104  0  0 
 0  0  0  0  0  0  0  0  0  0  0  0  0  0  0  0  0 58  0 77 78 79  0  0  0 103  0  0  0  0 
102  0  0  0  0  0  0  0  0  0  0  0  0  0  0  0  0  0  0 71 72 73  0  0  0  0  0  0  0  0 
 0  0  0  0  0  0  0  0  0  0  0  0  0  0  0  0  0  0  0  0  0  0  0  0  0 15  0  0  0  0 
 0  0  0  0  0  0  0  0  0  0  0  0  0  0  0  0  0  0  0  0  0  0  0  0  0 23  0  0  0  0 
 0  0  0  0  0  0  0  0  0  0  0  0  0  0  0  0  0  0  0 77 78 79  0  0  0 23  0  0  0  0 

 0  0  0  0  0  0  0  0  0  0  0  0  0  0  0  0  0  0  0  0  0  0  0  0  0  0  0  0  0  0 
 0  0  0  0  0  0  0  0  0  0  0  0  0  0  0  0  0  0  0  0  0  0  0  0  0  0  0  0  0  0 
79  0  0  0  0  0  0  0  0  0  0  0  0  0  0  0  0  0  0  0  0  0  0  0  0  0  0  0  0  0 
76  0  0  0  0  0  0  0  0  0  0  0  0  0  0  0  0  0  0  0  0  0  0  0  0  0  0  0  0  0 
76  0  0  0  0  0  0  0  0  0  0  0  0  0  0  0  0  0  0  0  0  0  0  0  0  0  0  0  0  0 
76  0  0  0  0  0  0  0  0  0  0  0  0  0  0  0  0  0  0  0  0  0  0  0  0  0  0  0  0  0 
73  0  0  0  0  0  0  0  0  0  0  0  0  0  0  0  0  0  0  0  0  0  0  0  0  0  0  0  0  0 
 0  0  0  0  0  0  0  0  0  0  0  0  0  0  0  0  0  0  0  0  0  0  0  0  0  0  0  0  0  0 
 0  0  0  0  0  0  0  0  0  0  0  0  0  0  0  0  0  0  0  0  0  0  0  0  0  0  0  0  0  0 
 0  0  0  0  0  0  0  0  0  0  0  0  0  0  0  0  0  0  0  0  0  0  0  0  0  0  0 77 78 79 
 0  0  0  0  0  0  0  0  0  0  0  0  0  0  0  0  0  0  0  0  0  0  0  0  0  0  0 74 75 76 
 0  0  0  0  0  0  0  0  0  0  0  0  0  0  0  0  0  0  0  0  0  0  0  0  0  0  0 74 75 76 
 0  0  0  0  0  0  0  0  0  0  0  0  0  0  0  0  0  0  0  0  0  0  0  0  0  0  0 71 72 73 
 0  0  0  0  0  0  0  0  0  0  0  0 104  0  0  0  0  0  0  0  0  0  0  0  0  0  0  0  0  0 
 0  0  0  0  0  0  0  0  0  0  0  0  0  0  0  0  0  0  0  0  0  0  0  0  0  0  0  0  0  0 
 0  0  0  0  0  0  0  0  0  0  0  0  0  0  0  0  0  0  0  0  0  0  0  0  0 18 22 14 14  0 
 0  0  0  0  0  0  0  0  0  0  0  0  0  0  0  0  0  0  0  0  0  0  0  0  0  0  0  0 14  0 
 0  0  0  0  0  0  0  0  0  0  0  0  0  0  0  0  0  0  0  0  0  0 25 17  0  0  0  0 20  0 
79  0  0  0  0  0  0  0  0  0  0  0  0  0  0  0  0  0  0  0  0  0 23  0  0 15  0  0 23 14 
76  0  0  0  0  0  0  0  0  0  0  0  0  0  0  0 101  0  0  0  0  0 28 24 24 27  0  0 19 14 
76  0  0  0  0  0  0  0  0  0  0  0  0  0  0  0  0 15  0  0  0  0  0  0  0  0  0  0 14 14 
76  0  0  0  0  0  0  0  0  0  0  0  0  0  0  0  0 23  0  0  0  0  0  0  0  0  0  0  0  0 
73  0  0  0  0  0  0 77 78 79  0  0  0  0  0  0  0 23  0  0  0  0  0  0  0  0  0  0  0  0 
 0  0  0  0  0  0  0 71 72 73  0  0  0  0  0  0  0 16  0  0  0  0  0  0  0  0  0  0  0  0 
 0  0  0  0  0  0  0  0  0  0  0  0  0  0  0  0  0  0  0  0  0  0  0  0  0  0  0  0  0  0 
 0  0  0  0  0  0  0  0  0  0  0  0  0  0  0  0  0  0  0  0  0  0  0  0  0  0  0  0  0  0 
 0  0  0  0  0  0  0  0  0  0  0  0  0  0  0  0  0  0  0  0  0  0  0  0  0  0  0  0  0  0 
 0  0  0  0  0  0  0  0  0  0  0  0  0  0  0  0  0  0  0  0  0  0  0  0  0 103  0  0  0  0 
 0  0  0  0  0  0  0  0  0  0  0  0  0  0  0  0  0  0  0  0  0  0  0  0  0  0  0  0  0  0 
 0  0  0  0  0  0  0  0  0  0  0  0  0  0  0  0  0  0  0  0  0  0  0  0  0  0  0  0  0  0 

 0  0  0  0  0  0  0  0  0  0  0  0  0  0  0  0  0  0  0  0  0  0  0  0  0  0  0  0  0  0 
 0  0  0  0  0  0  0  0  0  0  0  0  0  0  0  0  0  0  0  0  0  0  0  0  0  0  0  0  0  0 
 0  0  0  0  0  0  0  0  0  0  0  0  0  0  0  0  0  0  0  0  0  0  0  0  0  0  0  0  0  0 
79  0  0  0  0  0  0  0  0  0  0  0  0  0  0  0  0  0  0  0  0  0  0  0  0  0  0  0  0  0 
90  0  0  0  0  0  0  0  0  0  0  0  0  0  0  0  0  0  0  0  0  0  0  0  0  0  0  0  0  0 
73  0  0  0  0  0  0  0  0  0  0  0  0  0  0  0  0  0  0  0  0  0  0  0  0  0  0  0  0  0 
 0  0  0  0  0  0  0  0  0  0  0  0  0  0  0  0  0  0  0  0  0  0  0  0  0  0  0  0  0  0 
 0  0  0  0  0  0  0  0  0  0  0  0  0  0  0  0  0  0  0  0  0  0  0  0  0  0  0  0  0  0 
 0  0  0  0  0  0  0  0  0  0  0  0  0  0  0  0  0  0  0  0  0  0  0  0  0  0  0  0  0  0 
 0  0  0  0  0  0  0  0  0  0  0  0  0  0  0  0  0  0  0  0  0  0  0  0  0  0  0  0  0  0 
 0  0  0  0  0  0  0  0  0  0  0  0  0  0  0  0  0  0  0  0  0  0  0  0  0  0  0 77 78 79 
 0  0  0  0  0  0  0  0  0  0  0  0  0  0  0  0  0  0  0  0  0  0  0  0  0  0  0 71 72 73 
 0  0  0  0  0  0  0  0  0  0  0  0  0  0  0  0  0  0  0  0  0  0  0  0  0  0  0  0  0  0 
 0  0  0  0  0  0  0  0  0  0  0  0  0  0  0  0  0  0  0  0  0  0  0  0  0  0  0  0  0  0 
 0  0  0  0  0  0  0  0  0  0  0  0  0  0  0  0  0  0  0  0  0  0  0  0  0  0  0  0  0  0 
 0  0  0  0  0  0  0  0  0  0  0  0  0  0  0  0  0  0  0  0  0  0  0  0  0  0 18 24 26  0 
 0  0  0  0  0  0  0  0  0  0  0  0  0  0  0  0  0  0  0  0  0  0  0  0  0  0  0  0 23  0 
 0  0  0  0  0  0  0  0  0  0  0  0  0  0  0  0  0  0  0  0  0  0  0  0  0  0  0  0 16  0 
 0  0  0  0  0  0  0  0  0  0  0  0  0  0  0  0  0  0  0  0  0  0 102  0  0  0  0  0  0 25 
79  0  0  0  0  0  0  0  0  0  0  0  0  0  0  0  0  0  0  0  0  0  0 101  0  0  0  0 15 23 
90  0  0  0  0  0  0  0  0  0  0  0  0  0  0  0  0 104  0  0  0  0  0  0  0  0  0  0 28 27 
73  0  0  0  0  0  0  0  0  0  0  0  0  0  0  0  0  0  0  0  0  0  0  0  0  0  0  0  0  0 
 0  0  0  0  0  0  0  0  0  0  0  0  0  0  0  0  0 102  0  0  0  0  0  0  0  0  0  0  0  0 
 0  0  0  0  0  0  0  0  0  0  0  0  0  0  0  0  0  0  0  0  0  0  0  0  0  0  0  0  0  0 
 0  0  0  0  0  0  0  0  0  0  0  0  0  0  0  0  0  0  0  0  0  0  0  0  0  0  0  0  0  0 
 0  0  0  0  0  0  0  0  0  0  0  0  0  0  0  0  0  0  0  0  0  0  0  0  0  0  0  0  0  0 
 0  0  0  0  0  0  0  0  0  0  0  0  0  0  0  0  0  0  0  0  0  0  0  0  0  0  0  0  0  0 
 0  0  0  0  0  0  0  0  0  0  0  0  0  0  0  0  0  0  0  0  0  0  0  0  0  0  0  0  0  0 
 0  0  0  0  0  0  0  0  0  0  0  0  0  0  0  0  0  0  0  0  0  0  0  0  0  0  0  0  0  0 
 0  0  0  0  0  0  0  0  0  0  0  0  0  0  0  0  0  0  0  0  0  0  0  0  0  0  0  0  0  0 

 0  0  0  0  0  0  0  0  0  0  0  0  0  0  0  0  0  0  0  0  0  0  0  0  0  0  0  0  0  0 
 0  0  0  0  0  0  0  0  0  0  0  0  0  0  0  0  0  0  0  0  0  0  0  0  0  0  0  0  0  0 
 0  0  0  0  0  0  0  0  0  0  0  0  0  0  0  0  0  0  0  0  0  0  0  0  0  0  0  0  0  0 
 0  0  0  0  0  0  0  0  0  0  0  0  0  0  0  0  0  0  0  0  0  0  0  0  0  0  0  0  0  0 
 0  0  0  0  0  0  0  0  0  0  0  0  0  0  0  0  0  0  0  0  0  0  0  0  0  0  0  0  0  0 
 0  0  0  0  0  0  0  0  0  0  0  0  0  0  0  0  0  0  0  0  0  0  0  0  0  0  0  0  0  0 
 0  0  0  0  0  0  0  0  0  0  0  0  0  0  0  0  0  0  0  0  0  0  0  0  0  0  0  0  0  0 
 0  0  0  0  0  0  0  0  0  0  0  0  0  0  0  0  0  0  0  0  0  0  0  0  0  0  0  0  0  0 
 0  0  0  0  0  0  0  0  0  0  0  0  0  0  0  0  0  0  0  0  0  0  0  0  0  0  0  0  0  0 
 0  0  0  0  0  0  0  0  0  0  0  0  0  0  0  0  0  0  0  0  0  0  0  0  0  0  0  0  0  0 
 0  0  0  0  0  0  0  0  0  0  0  0  0  0  0  0  0  0  0  0  0  0  0  0  0  0  0  0  0  0 
 0  0  0  0  0  0  0  0  0  0  0  0  0  0  0  0  0  0  0  0  0  0  0  0  0  0  0  0  0  0 
 0  0  0  0  0  0  0  0  0  0  0  0  0  0  0  0  0  0  0  0  0  0  0  0  0  0  0  0  0  0 
 0  0  0  0  0  0  0  0  0  0  0  0  0  0  0  0  0  0  0  0  0  0  0  0  0  0  0  0  0  0 
 0  0  0  0  0  0  0  0  0  0  0  0  0  0  0  0  0  0  0  0  0  0  0  0  0  0  0  0  0  0 
 0  0  0  0  0  0  0  0  0  0  0  0  0  0  0  0  0  0  0  0  0  0  0  0  0  0  0  0  0  0 
 0  0  0  0  0  0  0  0  0  0  0  0  0  0  0  0  0  0  0  0  0  0  0  0  0  0  0  0  0  0 
 0  0  0  0  0  0  0  0  0  0  0  0  0  0  0  0  0  0  0  0  0  0  0  0  0  0  0  0  0  0 
 0  0  0  0  0  0  0  0  0  0  0  0  0  0  0  0  0  0  0  0  0  0  0  0  0  0  0  0  0  0 
 0  0  0  0  0  0  0  0  0  0  0  0  0  0  0  0  0  0  0  0  0  0  0  0  0  0  0  0  0  0 
 0  0  0  0  0  0  0  0  0  0  0  0  0  0  0  0  0  0  0  0  0  0  0  0  0  0  0  0  0  0 
 0  0  0  0  0  0  0  0  0  0  0  0  0  0  0  0  0  0  0  0  0  0  0  0  0  0  0  0  0  0 
 0  0  0  0  0  0  0  0  0  0  0  0  0  0  0  0  0  0  0  0  0  0  0  0  0  0  0  0  0  0 
 0  0  0  0  0  0  0  0  0  0  0  0  0  0  0  0  0  0  0  0  0  0  0  0  0  0  0  0  0  0 
 0  0  0  0  0  0  0  0  0  0  0  0  0  0  0  0  0  0  0  0  0  0  0  0  0  0  0  0  0  0 
 0  0  0  0  0  0  0  0  0  0  0  0  0  0  0  0  0  0  0  0  0  0  0  0  0  0  0  0  0  0 
 0  0  0  0  0  0  0  0  0  0  0  0  0  0  0  0  0  0  0  0  0  0  0  0  0  0  0  0  0  0 
 0  0  0  0  0  0  0  0  0  0  0  0  0  0  0  0  0  0  0  0  0  0  0  0  0  0  0  0  0  0 
 0  0  0  0  0  0  0  0  0  0  0  0  0  0  0  0  0  0  0  0  0  0  0  0  0  0  0  0  0  0 
 0  0  0  0  0  0  0  0  0  0  0  0  0  0  0  0  0  0  0  0  0  0  0  0  0  0  0  0  0  0 

<Objects>
3D Studio Scenes\escheresque.max
1
$underground
#
2
$underground
#
3
$cube3
#
4
$cube3
#
5
$roadturn01
#
6
$roadturn02
#
7
$roadturn03
#
8
$roadturn04
#
9
$cube3
#
10
$cube3
#
11
$cube3
#
12
$cube3
#
13
$cube3
#
14
$cube
#
15
$stair04
$railing04
#
16
$stair02
$railing02
#
17
$stair01
$railing01
#
18
$stair03
$railing03
#
19
$cube
#
20
$cube
#
21
$cube
#
22
$cube
#
23
$siding01
$siding03
$cube
#
24
$siding02
$siding04
$cube
#
25
$siding03
$siding04
$cube
$post01
$post03
#
26
$siding01
$siding04
$cube
$post02
$post04
#
27
$siding01
$siding02
$cube
$post01
$post03
#
28
$siding02
$siding03
$cube
$post02
$post04
#
29
$cube
$siding03
$post01
$post04
#
30
$cube
$siding04
$post01
$post02
#
31
$cube
$siding01
$post02
$post03
#
32
$cube
$siding02
$post03
$post04
#
33
$cube
$post01
$post02
$post03
$post04
#
34
$arch02
#
35
$arch01
#
36
$post01
$post02
$post03
$post04
$Tube03
$Cylinder
#
37
$roof01
$roof1a
#
38
$roof02
$roof2a
#
39
$roof03
$roof3a
#
40
$Cylinder
#
something
$corner01
$corner1a
$corner1b
#
something
$corner02
$corner2a
$corner2b
#
something
$corner03
$corner3a
$corner3b
#
something
$corner04
$corner4a
$corner4b
#
something
$double01
#
something
$double02
#
something
$double03
#
something
$double04
#
49
$cube
#
50
$cube
#
51
$cube
#
52
$cube
#
53
$cube
#
54
$cube
#
55
$cube
#
56
$cube
#
57
$cube
#
58
$post01
$post02
$post03
$post04
$Tube
$Cylinder
#
59
$post01
$post02
$post03
$post04
$Tube01
$Cylinder
#
60
$post01
$post02
$post03
$post04
$Tube02
$Cylinder
#
61
$middle
#
62
$middle
#
63
$middle
#
64
$middle
#
65
$underground
#
66
$middle
#
67
$middle
#
68
$middle
#
69
$middle
#
70
$summit2
#
71
$over3
#
72
$over6
#
73
$over9
#
74
$over2
#
75
$underground
#
76
$over8
#
77
$over1
#
78
$over4
#
79
$over7
#
80
$summit5
#
81
$top3
#
82
$top6
#
83
$top9
#
84
$top2
#
85
$underground
#
86
$top8
#
87
$top1
#
88
$top4
#
89
$top7
#
90
$summit8
#
91
$bottom
#
92
$bottom
#
93
$bottom
#
94
$bottom
#
95
$Floor
#
96
$bottom
#
97
$bottom
#
98
$bottom
#
99
$bottom
#
100
$underground
#
101
$walking
#
102
$leaning
#
103
$stairing
#
104
$sitting
#
105
$grass
#
106
$tree
$grass
#