Model generated using Paul Merrell's model synthesis algorithm.  Do not insert or delete lines from this file.

x, y, and z extents
40 40 10

10 10 10 10 10 10 10 10 10 10 10 10 10 10 10 10 10 10 10 10 10 10 10 10 10 10 10 10 10 10 10 10 10 10 10 10 10 10 10 10 
10 10 10 10 10 10 10 10 10 10 10 10 10 10 10 10 10 10 10 10 10 10 10 10 10 10 10 10 10 10 10 10 10 10 10 10 10 10 10 10 
10 10 10 10 10 10 10 10 10 10 10 10 10 10 10 10 10 10 10 10 10 10 10 10 10 10 10 10 10 10 10 10 10 10 10 10 10 10 10 10 
10 10 10 10 10 10 10 10 10 10 10 10 10 10 10 10 10 10 10 10 10 10 10 10 10 10 10 10 10 10 10 10 10 10 10 10 10 10 10 10 
10 10 10 10 10 10 10 10 10 10 10 10 10 10 10 10 10 10 10 10 10 10 10 10 10 10 10 10 10 10 10 10 10 10 10 10 10 10 10 10 
10 10 10 10 10 10 10 10 10 10 10 10 10 10 10 10 10 10 10 10 10 10 10 10 10 10 10 10 10 10 10 10 10 10 10 10 10 10 10 10 
10 10 10 10 10 10 10 10 10 10 10 10 10 10 10 10 10 10 10 10 10 10 10 10 10 10 10 10 10 10 10 10 10 10 10 10 10 10 10 10 
10 10 10 10 10 10 10 10 10 10 10 10 10 10 10 10 10 10 10 10 10 10 10 10 10 10 10 10 10 10 10 10 10 10 10 10 10 10 10 10 
10 10 10 10 10 10 10 10 10 10 10 10 10 10 10 10 10 10 10 10 10 10 10 10 10 10 10 10 10 10 10 10 10 10 10 10 10 10 10 10 
10 10 10 10 10 10 10 10 10 10 10 10 10 10 10 10 10 10 10 10 10 10 10 10 10 10 10 10 10 10 10 10 10 10 10 10 10 10 10 10 
10 10 10 10 10 10 10 10 10 10 10 10 10 10 10 10 10 10 10 10 10 10 10 10 10 10 10 10 10 10 10 10 10 10 10 10 10 10 10 10 
10 10 10 10 10 10 10 10 10 10 10 10 10 10 10 10 10 10 10 10 10 10 10 10 10 10 10 10 10 10 10 10 10 10 10 10 10 10 10 10 
10 10 10 10 10 10 10 10 10 10 10 10 10 10 10 10 10 10 10 10 10 10 10 10 10 10 10 10 10 10 10 10 10 10 10 10 10 10 10 10 
10 10 10 10 10 10 10 10 10 10 10 10 10 10 10 10 10 10 10 10 10 10 10 10 10 10 10 10 10 10 10 10 10 10 10 10 10 10 10 10 
10 10 10 10 10 10 10 10 10 10 10 10 10 10 10 10 10 10 10 10 10 10 10 10 10 10 10 10 10 10 10 10 10 10 10 10 10 10 10 10 
10 10 10 10 10 10 10 10 10 10 10 10 10 10 10 10 10 10 10 10 10 10 10 10 10 10 10 10 10 10 10 10 10 10 10 10 10 10 10 10 
10 10 10 10 10 10 10 10 10 10 10 10 10 10 10 10 10 10 10 10 10 10 10 10 10 10 10 10 10 10 10 10 10 10 10 10 10 10 10 10 
10 10 10 10 10 10 10 10 10 10 10 10 10 10 10 10 10 10 10 10 10 10 10 10 10 10 10 10 10 10 10 10 10 10 10 10 10 10 10 10 
10 10 10 10 10 10 10 10 10 10 10 10 10 10 10 10 10 10 10 10 10 10 10 10 10 10 10 10 10 10 10 10 10 10 10 10 10 10 10 10 
10 10 10 10 10 10 10 10 10 10 10 10 10 10 10 10 10 10 10 10 10 10 10 10 10 10 10 10 10 10 10 10 10 10 10 10 10 10 10 10 
10 10 10 10 10 10 10 10 10 10 10 10 10 10 10 10 10 10 10 10 10 10 10 10 10 10 10 10 10 10 10 10 10 10 10 10 10 10 10 10 
10 10 10 10 10 10 10 10 10 10 10 10 10 10 10 10 10 10 10 10 10 10 10 10 10 10 10 10 10 10 10 10 10 10 10 10 10 10 10 10 
10 10 10 10 10 10 10 10 10 10 10 10 10 10 10 10 10 10 10 10 10 10 10 10 10 10 10 10 10 10 10 10 10 10 10 10 10 10 10 10 
10 10 10 10 10 10 10 10 10 10 10 10 10 10 10 10 10 10 10 10 10 10 10 10 10 10 10 10 10 10 10 10 10 10 10 10 10 10 10 10 
10 10 10 10 10 10 10 10 10 10 10 10 10 10 10 10 10 10 10 10 10 10 10 10 10 10 10 10 10 10 10 10 10 10 10 10 10 10 10 10 
10 10 10 10 10 10 10 10 10 10 10 10 10 10 10 10 10 10 10 10 10 10 10 10 10 10 10 10 10 10 10 10 10 10 10 10 10 10 10 10 
10 10 10 10 10 10 10 10 10 10 10 10 10 10 10 10 10 10 10 10 10 10 10 10 10 10 10 10 10 10 10 10 10 10 10 10 10 10 10 10 
10 10 10 10 10 10 10 10 10 10 10 10 10 10 10 10 10 10 10 10 10 10 10 10 10 10 10 10 10 10 10 10 10 10 10 10 10 10 10 10 
10 10 10 10 10 10 10 10 10 10 10 10 10 10 10 10 10 10 10 10 10 10 10 10 10 10 10 10 10 10 10 10 10 10 10 10 10 10 10 10 
10 10 10 10 10 10 10 10 10 10 10 10 10 10 10 10 10 10 10 10 10 10 10 10 10 10 10 10 10 10 10 10 10 10 10 10 10 10 10 10 
10 10 10 10 10 10 10 10 10 10 10 10 10 10 10 10 10 10 10 10 10 10 10 10 10 10 10 10 10 10 10 10 10 10 10 10 10 10 10 10 
10 10 10 10 10 10 10 10 10 10 10 10 10 10 10 10 10 10 10 10 10 10 10 10 10 10 10 10 10 10 10 10 10 10 10 10 10 10 10 10 
10 10 10 10 10 10 10 10 10 10 10 10 10 10 10 10 10 10 10 10 10 10 10 10 10 10 10 10 10 10 10 10 10 10 10 10 10 10 10 10 
10 10 10 10 10 10 10 10 10 10 10 10 10 10 10 10 10 10 10 10 10 10 10 10 10 10 10 10 10 10 10 10 10 10 10 10 10 10 10 10 
10 10 10 10 10 10 10 10 10 10 10 10 10 10 10 10 10 10 10 10 10 10 10 10 10 10 10 10 10 10 10 10 10 10 10 10 10 10 10 10 
10 10 10 10 10 10 10 10 10 10 10 10 10 10 10 10 10 10 10 10 10 10 10 10 10 10 10 10 10 10 10 10 10 10 10 10 10 10 10 10 
10 10 10 10 10 10 10 10 10 10 10 10 10 10 10 10 10 10 10 10 10 10 10 10 10 10 10 10 10 10 10 10 10 10 10 10 10 10 10 10 
10 10 10 10 10 10 10 10 10 10 10 10 10 10 10 10 10 10 10 10 10 10 10 10 10 10 10 10 10 10 10 10 10 10 10 10 10 10 10 10 
10 10 10 10 10 10 10 10 10 10 10 10 10 10 10 10 10 10 10 10 10 10 10 10 10 10 10 10 10 10 10 10 10 10 10 10 10 10 10 10 
10 10 10 10 10 10 10 10 10 10 10 10 10 10 10 10 10 10 10 10 10 10 10 10 10 10 10 10 10 10 10 10 10 10 10 10 10 10 10 10 

41 32 32 43 30 34  5  5 20 20 20 20 20 20 20  5 20 20 20 20 20 20 20  5 36 30 30 41 32 32 43 30 34  5 20 20 20 20 20  5 
30 30 30 30 30 34  5  5 20 20 20 20 20 20 20 20 20 20 20 20 20 20 20  5 36 30 30 30 30 30 30 30 34  5 20 20 20 20 20 20 
42 30 40 38 38 37  5  5 20 20 20 20  5 20 20 20 20 20 20 20 20 20 20  5 36 30 40 38 38 42 30 30 34  5 20 20 20 20 20 20 
36 30 34  5  5  5  5  5 20 20 20  5  5 20 20 20 20 20 20 20 20 20 20  5 36 30 34  5  5 36 30 30 34  5 20 20 20 20 20 20 
39 38 37  5 20 20 20  5 20 20 20  5  5  5 20 20 20 20 20 20 20 20 20  5 39 38 37  5  5 39 38 38 37  5  5 20 20 20 20 20 
 5  5  5 20 20 20  5  5 20 20 20  5  5  5 20 20 20 20 20 20 20 20 20  5  5  5  5 20 20  5  5  5  5  5  5  5 20 20 20 20 
20 20 20 20 20 20  5  5 20 20 20 20  5 20 20 20 20 20 20 20 20 20 20  5  5  5 20 20 20 20 20 20  5  5  5  5  5 20 20  5 
20 20 20 20 20 20  5  5 20 20 20 20  5 20 20 20 20 20 20 20 20 20 20  5  5 20 20 20 20 20 20 20 20 20 20  5  5  5  5  5 
 5 20 20 20 20 20  5  5 20 20 20 20 20 20 20 20 20 20 20 20 20 20 20  5  5 20 20 20 20 20 20 20 20 20 20  5  5  5  5  5 
20 20 20 20 20 20  5  5 20 20 20 20 20 20 20 20 20 20 20 20 20 20 20  5  5 20 20 20 20 20 20 20 20 20 20 20  5 20 20 20 
20 20 20 20 20 20  5  5 20 20 20 20 20 20 20 20 20 20 20 20 20 20 20  5  5 20 20 20 20 20 20 20 20 20 20  5  5 20 20 20 
20 20 20  5  5  5  5  5 20 20 20 20 20 20 20 20 20 20 20 20 20 20 20  5  5 20 20 20 20 20 20 20 20  5  5  5  5 20 20 20 
20 20 20  5 33 32 31  5 20 20 20 20 20 20 20 20 20 20 20 20 20 20 20  5  5 20 20 20 20 20 20 20 20 20  5  5  5  5 20 20 
20 20 20  5 36 30 34  5 20 20 20 20 20 20 20 20 20 20 20 20 20 20 20  5  5 20 20 20 20 20 20 20 20  5  5  5  5  5  5 20 
20 20 20  5 39 38 37  5 20 20 20 20 20 20 20 20 20 20 20 20 20 20 20  5  5 20 20 20 20 20 20 20 20  5 33 32 31  5  5  5 
20 20 20 20  5  5  5  5 20 20 20 20 20 20 20 20 20 20 20 20 20 20 20  5  5 20 20 20 20 20 20 20 20  5 36 30 34  5 33 32 
 5 20 20 20 20 20  5  5 20 20 20 20 20 20 20 20 20 20 20 20 20 20 20  5  5 20 20 20 20 20 20 20 20  5 36 30 34  5 36 30 
31  5 20 20 20 20 20  5 20 20 20 20 20 20 20 20 20 20 20 20 20 20 20  5  5  5  5 20 20 20 20 20 20  5 39 38 37  5 36 30 
34  5 20 20 20 20  5  5 20 20 20 20 20 20 20 20 20 20 20 20 20 20 20  5  5  5  5 20 20 20 20 20 20 20  5  5  5  5 39 38 
34  5 20 20 20 20  5  5 20 20 20 20 20 20 20 20 20 20 20 20 20 20 20  5  5  5 20 20 20 20 20 20 20  5  5  5  5 20  5  5 
37  5 20 20 20 20  5  5 20 20 20 20 20 20 20 20 20 20 20 20 20 20 20  5 20 20 20 20 20 20 20 20 20  5  5  5 20 20 20  5 
 5 20 20 20 20 20  5  5 20 20 20 20 20 20 20 20 20 20 20 20 20 20 20  5  5 20 20 20 20 20 20 20 20  5  5  5  5 20  5 33 
20 20 20 20 20 20 20  5 20 20 20 20 20 20 20 20 20 20 20 20 20 20 20  5 20 20 20 20 20 20 20 20 20  5  5  5  5  5  5 36 
20 20 20 20 20 20 20  5 20 20 20 20 20 20 20 20 20 20 20 20 20 20 20  5  5 20 20 20 20 20 20 20 20  5 33 32 32 31  5 36 
20 20 20 20 20 20  5  5 20 20 20 20 20 20 20 20 20 20 20 20 20 20 20  5  5 20 20 20 20 20 20 20 20  5 36 30 30 34  5 39 
20 20 20 20 20  5  5  5 20 20 20 20 20 20 20 20 20 20 20 20 20 20 20  5 20 20 20 20 20 20 20 20 20  5 39 38 38 37  5  5 
 5 20 20  5  5  5  5  5 20 20 20 20 20 20 20 20 20 20 20 20 20 20 20  5  5 20 20 20 20 20 20 20 20 20  5  5  5  5 20 20 
 5 20  5  5  5  5  5  5 20 20 20 20 20 20 20 20 20 20 20 20 20 20 20  5  5 20 20 20 20 20 20 20 20  5  5  5 20  5 20 20 
31  5  5 33 32 31  5  5 20 20 20 20 20 20 20 20 20 20 20 20 20 20 20  5 20 20 20 20 20 20 20 20 20  5  5  5 20 20 20 20 
34  5  5 36 30 34  5  5 20 20 20 20 20 20 20 20 20 20 20 20 20 20 20  5 20 20 20 20 20 20 20 20 20 20  5 20 20 20 20 20 
41 32 32 43 30 34  5  5 20 20 20 20 20 20 20 20 20 20 20 20 20 20 20  5 20 20 20 20 20 20 20 20 20 20  5 20 20 20 20 20 
30 30 30 30 30 34  5  5 20 20 20 20 20 20 20 20 20 20 20 20 20 20 20  5 20 20 20 20 20 20 20 20 20  5  5  5 20 20 20 20 
42 30 40 38 38 37  5  5 20 20 20 20 20 20 20 20 20 20 20 20 20 20 20  5 20 20 20 20 20 20 20 20 20 20  5  5  5 20 20 20 
36 30 34  5  5  5  5  5 20 20 20 20 20 20 20 20 20 20 20 20 20 20 20  5  5 20 20 20 20 20 20 20 20 20 20  5  5  5 20 20 
39 38 37  5  5  5  5  5 20 20 20 20 20 20 20 20 20 20 20 20 20 20 20  5 20 20 20 20 20 20 20 20 20 20 20 20  5  5  5 20 
 5  5  5  5  5  5  5  5 20 20 20 20 20 20 20 20 20 20 20 20 20 20 20  5 20 20 20 20 20 20 20 20 20 20 20 20 20  5  5  5 
20 20 20 20  5  5  5  5 20 20 20 20 20 20 20 20 20 20 20 20 20 20 20  5  5 20 20 20 20 20 20 20 20 20 20 20 20  5  5  5 
20 20 20 20  5  5  5  5 20 20 20 20 20 20 20 20 20 20 20 20 20 20 20  5 20 20 20 20 20 20 20 20 20 20 20 20  5 33 32 32 
20 20 20 20 20  5  5  5 20 20 20 20 20 20 20 20 20 20 20 20 20 20 20  5  5 20 20 20 20 20 20 20 20 20 20 20  5 36 30 30 
20 20 20 20  5  5  5  5 20 20 20 20 20 20 20 20 20 20 20 20 20 20 20  5 20 20 20 20 20 20  5  5  5 20 20 20  5 36 30 40 

 0  0  0  0  0  0  0  0 12 20 20 20  5  5 27  4  4  4 25  5 20 20 18  0  0  0  0  0  0  0  0  0  0  1 21 20 20 20 23  7 
 0  0  0  0  0  0  0  0 12 20 20  5  5  5  5  5 20  5  5 20 20 20 18  0  0  0  0  0  0  0  0  0  0  2 20 20 20 20 20 23 
 0  0  0  0  0  0  0  0 12 20  5 28  6 26  5 20 20  5  5 20 20 20 18  0  0  0  0  0  0  0  0  0  0  2 20 20 20 20 20 20 
 0  0  0  1  4  4  7  0 12 20  5  8  0  2  5 20 20 20  5 20 20 20 18  0  0  0  0  0  0  0  0  0  0  3 22 20 20 20 20 20 
 0  0  0  2  5  5  8  0 12 20  5  8  0  2  5 20 20 20 20 20 20 20 18  0  0  0  0  0  0  0  0  0  0  0  3 22 20 20 20 20 
 4  4  4 25  5  5  8  0 12 20  5  8  0  2  5 20 20 20 20 20 20 20 18  0  0  0  1  4  4  4  4  4  7  0  0  3 22 20 20  5 
 5  5  5  5  5  5  8  0 12 20 20  8  0  2  5 20 20 20 20 20 20 20 18  0  0  1 21 20 20 20  5  5  8  0  0  0  3  6  6  6 
 6 26  5 20 20 20  8  0 12 20  5 27  4 25  5 20 20 20 20 20 20 20 18  0  0  2 20 20 20 20 20  5 27  4  4  7  0  0  0  0 
 0  2  5 20 20 20  8  0 12 20  5  5  5  5  5 20 20 20 20 20 20 20 18  0  0  2  5 20 20 20 20 20  5  5  5  8  0  1  4  4 
 4 25  5  5 20  5  8  0 12 20 20  5 20 20 20 20 20 20 20 20 20 20 18  0  0  2  5 20 20 20 20 20 20  5  5  8  0  2  5  5 
20  5  5 28  6  6  9  0 12 20 20  5 20 20 20 20 20  5  5  5 20 20 18  0  0  2 20 20 20 20 20  5  5 28  6  9  0  2  5 20 
20  5  5  8  0  0  0  0 12 20 20 20 20 20 20 20 20 20 20 20 20 20 18  0  0  2  5 20 20 20 20  5  5  8  0  0  0  2 20 20 
20  5  5  8  0  0  0  0 12 20 20 20 20 20 20 20 20 20 20 20 20 20 18  0  0  2 20 20 20 20  5  5  5  8  0  0  0  3 22 20 
20  5  5  8  0  0  0  0 12 20 20 20 20 20 20 20 20 20 20 20 20 20 18  0  0  2  5 20 20 20  5  5  5  8  0  0  0  0  3 22 
20  5  5  8  0  0  0  0 12 20 20 20 20 20 20 20 20 20 20 20 20 20 18  0  0  2 20 20 20 20 20  5  5  8  0  0  0  0  0  3 
 5  5  5  8  0  0  0  0 12 20 20 20 20 20 20 20 20 20 20 20 20 20 18  0  0  2 20 20 20 20 20 20  5  8  0  0  0  0  0  0 
 6 26  5 27  4  4  7  0 12 20 20 20 20 20 20 20 20 20 20 20 20 20 18  0  0  2  5  5  5 20 20  5  5  8  0  0  0  0  0  0 
 0  2  5  5  5  5  8  0 12 20 20 20 20 20 20 20 20 20 20 20 20 20 18  0  0  3  6 26  5  5  5  5  5  8  0  0  0  0  0  0 
 0  2  5  5 20  5  8  0 12 20 20  5 20 20 20 20 20 20 20 20 20 20 18  0  0  0  0  2  5 20 20  5  5  8  0  0  0  0  0  0 
 0  2  5 20 20 20  8  0 12 20  5  5  5 20 20 20 20 20 20 20 20 20 18  0  1  4  4 25  5 20 20 20  5  8  0  1  4  4  7  0 
 0  2  5 20 20 20  8  0 12 20  5  5  5 20 20 20 20 20 20 20 20 20 18  0  2  5 20  5 20 20 20 20 20  8  0  2  5  5  8  0 
 4 25  5  5 20  5  8  0 12 20  5  5 20 20 20 20 20 20 20 20 20 20 18  0  2  5 20 20 20 20 20 20 20  8  0  3  6  6  9  0 
20  5  5 20 20 20  8  0 12 20 20 20 20 20 20 20 20 20 20 20 20 20 18  0  2 20 20 20 20 20 20 20 20  8  0  0  0  0  0  0 
20 20  5 20 20 20  8  0 12 20 20 20 20 20 20 20 20 20 20 20 20 20 18  0  2  5 20 20 20 20 20 20 20  8  0  0  0  0  0  0 
 5  5  5  5  5  5  8  0 12 20 20 20 20 20 20 20 20 20 20 20 20 20 18  0  2 20 20 20 20 20 20 20  5  8  0  0  0  0  0  0 
26  5 28  6  6  6  9  0 12 20 20 20 20 20 20 20 20 20 20 20 20 20 18  0  2 20 20 20 20 20 20 20  5  8  0  0  0  0  1  4 
 2  5  8  0  0  0  0  0 12 20 20 20 20 20 20 20 20 20 20 20 20 20 18  0  2 20 20 20 20 20 20 20 20  8  0  0  0  0  2  5 
 3  6  9  0  0  0  0  0 12 20 20 20 20 20 20 20 20 20 20 20 20 20 18  0  2  5 20 20 20 20 20 20 20  8  0  1  4  4 25  5 
 0  0  0  0  0  0  0  0 12 20 20 20 20 20 20 20 20 20 20 20 20 20 18  0  2 20 20 20 20 20 20 20  5  8  0  2  5  5  5 20 
 0  0  0  0  0  0  0  0 12 20 20 20 20 20 20 20 20 20 20 20 20 20 18  0  2  5 20 20 20 20 20 20  5  8  0  2  5  5  5 20 
 0  0  0  0  0  0  0  0 12 20 20 20 20 20 20 20 20 20 20 20 20 20 18  0  2  5 20 20 20 20 20 20 20  8  0  2  5  5 20 20 
 0  0  0  0  0  0  0  0 12 20 20 20 20 20 20 20 20 20 20 20 20 20 18  0  2 20 20 20 20 20 20 20 20  8  0  3  6 26  5 20 
 0  0  0  0  0  0  0  0 12 20 20 20 20 20 20 20 20 20 20 20 20 20 18  0  2  5 20 20 20 20 20 20  5  8  0  0  0  2 20 20 
 0  0  0  0  0  0  0  0 12 20 20 20 20 20 20 20 20 20 20 20 20 20 18  0  2 20 20 20 20 20  5  5  5 27  4  7  0  3 22 20 
 0  0  0  0  0  0  0  0 12 20 20 20 20 20 20 20 20 20 20 20 20 20 18  0  2  5 20 20 20 20  5  5  5  5 20 23  7  0  3 22 
 4  4  4  7  0  0  0  0 12 20 20 20 20 20 20 20 20 20 20 20 20 20 18  0  2  5 20 20 20 20 20 20  5  5 20 20  8  0  0  3 
20 20 20 23  7  0  0  0 12 20 20 20 20 20 20 20 20 20 20 20 20 20 18  0  2 20 20 20 20 20 20  5  5 20 20  5  8  0  0  0 
20 20 20 20  8  0  0  0 12 20 20 20 20 20 20 20 20 20 20 20 20 20 18  0  2  5 20 20 20  5  5  5  5  5 20  5  8  0  0  0 
20 20 20 20  8  0  0  0 12 20 20 20 20 20 20 20 20 20 20 20 20 20 18  0  2 20 20 20  5  5 28  6 26  5 20 20  8  0  0  0 
20 20 20 20  8  0  0  0 12 20 20 20 20 20 20 20 20 20 20 20 20 20 18  0  2 20 20 20 20  5  8  0  2 20 20  5  8  0  0  0 

 0  0  0  0  0  0  0  0  2  5 28  6  9  0  0  0  0  0  0  2 20 20 18  0  0  0  0  0  0  0  0  0  0  0  1 21 20 20 17  0 
 0  0  0  0  0  0  0  0  2  5  8  0  0  0  0  1  4  7  0  2  5 20 18  0  0  0  0  0  0  0  0  0  0  0  2 20 20 20 20 17 
 0  0  0  0  0  0  0  0  2  5  8  0  0  0  0  2  5  8  0  2  5 20 18  0  0  0  0  0  0  0  0  0  0  0  2 20 20 20 20 20 
 0  0  0  0  0  0  0  0  2  5  8  0  0  0  0  2  5 27  4 25  5 20 18  0  0  0  0  0  0  0  0  0  0  0  3 22 20 20 20 20 
 0  0  0  0  0  0  0  0  2  5  8  0  0  0  0  2  5  5  5  5  5 20 18  0  0  0  0  0  0  0  0  0  0  0  0  3 22 20  5  5 
 0  0  0  0  0  0  0  0  2  5  8  0  0  0  0  2  5 20  5  5  5 20 18  0  0  0  0  0  0  0  0  0  0  0  0  0  3  6  6  6 
 0  0  1  4  4  7  0  0  2  5  8  0  0  0  0  2  5 20  5  5 20 20 18  0  0  0  1  4  4  4  7  0  0  0  0  0  0  0  0  0 
 0  0  2  5  5  8  0  0  2  5  8  0  0  0  0  2  5 20  5  5 20 20 18  0  0  0  2  5  5  5  8  0  0  0  0  0  0  0  0  0 
 0  0  2  5  5  8  0  0  2  5  8  0  1  4  4 25  5  5  5  5  5 20 18  0  0  0  2  5 20  5 27  4  7  0  0  0  0  0  0  0 
 0  0  3  6  6  9  0  0  2  5  8  0  2  5 20  5  5 28  6 26  5 20 18  0  0  0  2  5 20  5  5  5  8  0  0  0  0  0  0  1 
 4  7  0  0  0  0  0  0  2  5 27  4 25  5 20 20  5  8  0  2  5 20 18  0  0  0  2 20 20  5 28  6  9  0  0  0  0  0  1 21 
 5  8  0  0  0  0  0  0  2  5  5 20  5 20 20 20  5 27  4 25  5 20 18  0  0  0  2 20 20 20  8  0  0  0  0  0  0  0  2 20 
20  8  0  0  0  0  0  0  2  5 20 20 20 20 20 20 20  5 20  5 20 20 18  0  0  0  2 20 20  5  8  0  0  0  0  0  0  0  3 22 
 5  8  0  0  0  0  0  0  2  5 20 20 20 20 20 20 20 20 20 20 20 20 18  0  0  0  2  5 20  5  8  0  0  0  0  0  0  0  0  3 
 5  8  0  0  0  0  0  0  2 20 20 20 20 20 20 20 20 20 20 20 20 20 18  0  0  0  2  5 20  5 27  4  7  0  0  0  0  0  0  0 
 6  9  0  0  0  0  0  0  2  5 20 20 20 20 20 20 20 20 20 20 20 20 18  0  0  0  2  5  5  5  5  5  8  0  0  0  0  0  0  0 
 0  0  0  0  0  0  0  0  2  5 20 20 20 20 20 20 20 20 20 20 20 20 18  0  0  0  3  6  6  6  6  6  9  0  0  0  0  0  0  0 
 0  0  0  1  4  7  0  0  2  5  5 20  5 20 20 20 20 20 20 20 20 20 18  0  0  0  0  0  0  0  0  0  0  0  0  0  0  0  0  0 
 0  0  0  2  5  8  0  0  2  5 28  6 26  5 20 20 20 20 20 20 20 20 18  0  0  0  0  0  1  4  4  7  0  0  0  0  0  0  0  0 
 0  0  0  2  5  8  0  0  2  5  8  0  2 20 20 20 20 20 20 20 20 20 18  0  0  0  0  0  2  5 20 23  7  0  0  0  0  0  0  0 
 0  0  0  2  5  8  0  0  2  5  8  0  2  5 20 20 20 20 20 20 20 20 18  0  0  1  4  4 25  5 20 20  8  0  0  0  0  0  0  0 
 0  0  0  2  5  8  0  0  2  5  8  0  2  5 20 20 20 20 20 20 20 20 18  0  0  2  5 20  5 20 20 20  8  0  0  0  0  0  0  0 
 4  7  0  2  5  8  0  0  2  5 27  4 25  5 20 20 20 20 20 20 20 20 18  0  0  2  5 20 20 20 20  5  8  0  0  0  0  0  0  0 
 5  8  0  2  5  8  0  0  2  5  5  5  5 20 20 20 20 20 20 20 20 20 18  0  0  2  5 20 20 20 20  5  8  0  0  0  0  0  0  0 
 6  9  0  3  6  9  0  0  2  5  5  5 20 20 20 20 20 20 20 20 20 20 18  0  0  2 20 20 20 20 20  5  8  0  0  0  0  0  0  0 
 0  0  0  0  0  0  0  0  2  5  5  5 20 20 20 20 20 20 20 20 20 20 18  0  0  2  5 20 20 20 20 20  8  0  0  0  0  0  0  0 
 0  0  0  0  0  0  0  0  2  5  5  5  5  5 20 20 20 20 20 20 20 20 18  0  0  2 20 20 20 20 20  5  8  0  0  0  0  0  0  0 
 0  0  0  0  0  0  0  0  2  5  5  5  5 20 20 20 20 20 20 20 20 20 18  0  0  2  5 20 20 20 20  5  8  0  0  0  0  0  0  1 
 0  0  0  0  0  0  0  0  2  5  5 20 20 20 20 20 20 20 20 20 20 20 18  0  0  2  5 20 20 20 20 20  8  0  0  0  0  0  1 21 
 0  0  0  0  0  0  0  0  2  5 20 20 20 20 20 20 20 20 20 20 20 20 18  0  0  2 20 20 20 20  5  5  8  0  0  0  0  0  2 20 
 0  0  0  0  0  0  0  0  2  5 20 20 20 20 20 20 20 20 20 20 20 20 18  0  0  2 20 20 20 20  5  5  8  0  0  0  0  0  2 20 
 0  0  0  0  0  0  0  0  2  5 20 20 20 20 20 20 20 20 20 20 20 20 18  0  0  2  5 20 20  5  5  5  8  0  0  0  0  0  2 20 
 0  0  0  0  0  0  0  0  2 20 20 20 20 20 20 20 20 20 20 20 20 20 18  0  0  2  5  5  5 28  6  6  9  0  0  0  0  0  2 20 
 0  0  0  0  0  0  0  0  2 20 20 20 20 20 20 20 20 20 20 20 20 20 18  0  0  2  5  5  5  8  0  0  0  0  0  0  0  0  3 22 
 0  0  0  0  0  0  0  0  2 20 20 20 20 20 20 20 20 20 20 20 20 20 18  0  0  2  5 20  5 27  4  7  0  1  4  7  0  0  0  3 
 0  0  0  0  0  0  0  0  2 20 20 20 20 20 20 20 20 20 20 20 20 20 18  0  0  2 20 20 20  5  5  8  0  2  5  8  0  0  0  0 
14 14 14 17  0  0  0  0  2 20 20 20 20 20 20 20 20 20 20 20 20 20 18  0  0  2  5 20  5  5  5  8  0  2  5  8  0  0  0  0 
20 20 20 18  0  0  0  0  2  5 20 20 20 20 20 20 20 20 20 20 20 20 18  0  0  2  5  5 28  6  6  9  0  2  5  8  0  0  0  0 
20 20 20 18  0  0  0  0  2  5  5 20 20 20 20 20 20 20 20 20 20 20 18  0  0  2  5  5  8  0  0  0  0  2  5  8  0  0  0  0 
22 20 20 18  0  0  0  0  2  5  5  5  5 20 20 20 20 20 20 20 20 20 18  0  0  2  5  5  8  0  0  0  0  2  5  8  0  0  0  0 

 0  0  0  0  0  0  0  0  0  0  0  0  0  0  0  0  0  0  0  0  2  5  8  0  0  0  0  0  0  0  0  0  0  0  0  1  4  4  7  0 
 0  0  0  0  0  0  0  0  0  0  0  0  0  0  0  0  0  0  0  0  2  5  8  0  0  0  0  0  0  0  0  0  0  0  0  2  5 20 23  7 
 0  0  0  0  0  0  0  0  0  0  0  0  0  0  0  0  0  0  0  0  2  5  8  0  0  0  0  0  0  0  0  0  0  0  0  2 20 20 20  8 
 0  0  0  0  0  0  0  0  0  0  0  0  0  0  0  0  0  0  0  0  2  5  8  0  0  0  0  0  0  0  0  0  0  0  0  3 22 20  5  8 
 0  0  0  0  0  0  0  0  0  0  0  0  0  0  0  0  0  0  0  0  2  5  8  0  0  0  0  0  0  0  0  0  0  0  0  0  3  6  6  9 
 0  0  0  0  0  0  0  0  0  0  0  0  0  0  0  0  1  4  7  0  2  5  8  0  0  0  0  0  0  0  0  0  0  0  0  0  0  0  0  0 
 0  0  0  0  0  0  0  0  0  0  0  0  0  0  0  0  2  5  8  0  2  5  8  0  0  0  0  0  0  0  0  0  0  0  0  0  0  0  0  0 
 0  0  0  0  0  0  0  0  0  0  0  0  0  0  0  0  3  6  9  0  2  5  8  0  0  0  0  0  0  0  0  0  0  0  0  0  0  0  0  0 
 0  0  0  0  0  0  0  0  0  0  0  0  0  0  0  0  0  0  0  0  2  5  8  0  0  0  0  1  4  7  0  0  0  0  0  0  0  0  0  0 
 0  0  0  0  0  0  0  0  0  0  0  0  0  1  4  7  0  0  0  0  2  5  8  0  0  0  0  2  5  8  0  0  0  0  0  0  0  0  0  0 
 0  0  0  0  0  0  0  0  0  0  0  0  0  2  5  8  0  0  0  0  2  5  8  0  0  0  0  2  5  8  0  0  0  0  0  0  0  0  0  1 
 7  0  0  0  0  0  0  0  0  0  1  4  4 25  5  8  0  0  0  0  2  5  8  0  0  0  0  2  5  8  0  0  0  0  0  0  0  0  0  2 
 8  0  0  0  0  0  0  0  0  1 21 20  5  5  5 27  4  4  4  4 25  5  8  0  0  0  0  2  5  8  0  0  0  0  0  0  0  0  0  3 
 9  0  0  0  0  0  0  0  0  2 20 20 20  5  5  5 20 20  5 20  5  5  8  0  0  0  0  2  5  8  0  0  0  0  0  0  0  0  0  0 
 0  0  0  0  0  0  0  0  0  2 20 20  5  5  5 20 20 20 20 20 20  5  8  0  0  0  0  3  6  9  0  0  0  0  0  0  0  0  0  0 
 0  0  0  0  0  0  0  0  0  2 20 20  5  5  5 20 20 20 20 20 20  5  8  0  0  0  0  0  0  0  0  0  0  0  0  0  0  0  0  0 
 0  0  0  0  0  0  0  0  0  3 22 20  5  5 20 20 20 20 20 20  5  5  8  0  0  0  0  0  0  0  0  0  0  0  0  0  0  0  0  0 
 0  0  0  0  0  0  0  0  0  0  3  6  6 26  5 20 20 20 20 20 20  5  8  0  0  0  0  0  0  0  0  0  0  0  0  0  0  0  0  0 
 0  0  0  0  0  0  0  0  0  0  0  0  0  2 20 20 20 20 20 20  5  5  8  0  0  0  0  0  0  0  0  0  0  0  0  0  0  0  0  0 
 0  0  0  0  0  0  0  0  0  0  0  0  0  2  5 20 20 20 20 20  5  5  8  0  0  0  0  0  0  1  4  7  0  0  0  0  0  0  0  0 
 0  0  0  0  0  0  0  0  0  0  0  0  0  2  5 20 20 20 20 20  5  5  8  0  0  0  0  0  0  2  5  8  0  0  0  0  0  0  0  0 
 0  0  0  0  0  0  0  0  0  0  0  0  0  2  5 20 20 20 20 20 20  5  8  0  0  0  1  4  4 25  5  8  0  0  0  0  0  0  0  0 
 0  0  0  0  0  0  0  0  0  0  0  0  0  2 20 20 20 20 20 20 20  5  8  0  0  0  2  5  5  5  5  8  0  0  0  0  0  0  0  0 
 0  0  0  0  0  0  0  0  0  0  0  1  4 25  5 20 20 20 20 20  5  5  8  0  0  0  2 20 20  5  5  8  0  0  0  0  0  0  0  0 
 0  0  0  0  0  0  0  0  0  0  0  2  5  5  5 20 20 20 20 20 20  5  8  0  0  0  2 20 20  5  5  8  0  0  0  0  0  0  0  0 
 0  0  0  0  0  0  0  0  0  0  0  3  6 26  5 20 20 20 20 20 20  5  8  0  0  0  2  5 20  5  5  8  0  0  0  0  0  0  0  0 
 0  0  0  0  0  0  0  0  0  0  0  0  0  2  5 20 20 20 20 20 20  5  8  0  0  0  2  5 20 20  5  8  0  0  0  0  0  0  0  0 
 0  0  0  0  0  0  0  0  0  0  0  0  0  2 20 20 20 20 20 20 20  5  8  0  0  0  2  5 20 20  5  8  0  0  0  0  0  0  0  0 
 0  0  0  0  0  0  0  0  0  0  1  4  4 25  5 20 20 20 20 20  5  5  8  0  0  0  2  5 20  5  5  8  0  0  0  0  0  0  0 11 
 0  0  0  0  0  0  0  0  0  1 21 20 20  5  5  5 20 20 20 20 20  5  8  0  0  0  2  5  5 28  6  9  0  0  0  0  0  0  0 12 
 0  0  0  0  0  0  0  0  0  2 20 20 20 20  5  5  5 20 20 20  5  5  8  0  0  0  2  5  5  8  0  0  0  0  0  0  0  0  0 12 
 0  0  0  0  0  0  0  0  0  2 20 20 20 20 20  5  5 20 20 20  5  5  8  0  0  0  3  6  6  9  0  0  0  0  0  0  0  0  0 12 
 0  0  0  0  0  0  0  0  0  2 20 20 20 20  5  5  5 20 20 20  5  5  8  0  0  0  0  0  0  0  0  0  0  0  0  0  0  0  0 12 
 0  0  0  0  0  0  0  0  0  2  5 20 20 20  5  5  5 20 20 20  5  5  8  0  0  0  1  4  7  0  0  0  0  0  0  0  0  0  0 13 
 0  0  0  0  0  0  0  0  0  2 20 20 20 20 20  5  5 20 20 20 20  5  8  0  0  0  2  5  8  0  0  0  0  0  0  0  0  0  0  0 
 0  0  0  0  0  0  0  0  0  2 20 20 20 20  5  5 20 20 20 20  5  5  8  0  0  0  2  5  8  0  0  0  0  0  0  0  0  0  0  0 
 4  4  4  7  0  0  0  0  0  2 20 20 20 20 20  5  5 20 20 20  5  5  8  0  0  0  3  6  9  0  0  0  0  0  0  0  0  0  0  0 
 5  5  5  8  0  0  0  0  0  3 22 20 20 20 20  5  5 20 20 20 20  5  8  0  0  0  0  0  0  0  0  0  0  0  0  0  0  0  0  0 
20 20 20  8  0  0  0  0  0  0  3 22 20  5  5  5  5 20 20 20 20  5  8  0  0  0  0  0  0  0  0  0  0  0  0  0  0  0  0  0 
13 20  5  8  0  0  0  0  0  0  0  3  6 26  5  5 20 20 20 20  5  5  8  0  0  0  0  0  0  0  0  0  0  0  0  0  0  0  0  0 

 0  0  0  0  0  0  0  0  0  0  0  0  0  0  0  0  0  0  0  0  0  0  0  0  0  0  0  0  0  0  0  0  0  0  0  0  0  0  0  0 
 0  0  0  0  0  0  0  0  0  0  0  0  0  0  0  0  0  0  0  0  0  0  0  0  0  0  0  0  0  0  0  0  0  0  0  0  1  4  7  0 
 0  0  0  0  0  0  0  0  0  0  0  0  0  0  0  0  0  0  0  0  0  0  0  0  0  0  0  0  0  0  0  0  0  0  0  0  2  5  8  0 
 0  0  0  0  0  0  0  0  0  0  0  0  0  0  0  0  0  0  0  0  0  0  0  0  0  0  0  0  0  0  0  0  0  0  0  0  3  6  9  0 
 0  0  0  0  0  0  0  0  0  0  0  0  0  0  0  0  0  0  0  0  0  0  0  0  0  0  0  0  0  0  0  0  0  0  0  0  0  0  0  0 
 0  0  0  0  0  0  0  0  0  0  0  0  0  0  0  0  0  0  0  0  0  0  0  0  0  0  0  0  0  0  0  0  0  0  0  0  0  0  0  0 
 0  0  0  0  0  0  0  0  0  0  0  0  0  0  0  0  0  0  0  0  0  0  0  0  0  0  0  0  0  0  0  0  0  0  0  0  0  0  0  0 
 0  0  0  0  0  0  0  0  0  0  0  0  0  0  0  0  0  0  0  0  0  0  0  0  0  0  0  0  0  0  0  0  0  0  0  0  0  0  0  0 
 0  0  0  0  0  0  0  0  0  0  0  0  0  0  0  0  0  0  0  0  0  0  0  0  0  0  0  0  0  0  0  0  0  0  0  0  0  0  0  0 
 0  0  0  0  0  0  0  0  0  0  0  0  0  0  0  0  0  0  0  0  0  0  0  0  0  0  0  0  0  0  0  0  0  0  0  0  0  0  0  0 
 0  0  0  0  0  0  0  0  0  0  0  0  0  0  0  0  0  0  0  0  0  0  0  0  0  0  0  0  0  0  0  0  0  0  0  0  0  0  0  0 
 0  0  0  0  0  0  0  0  0  0  0  0  0  0  0  0  0  0  0  0  0  0  0  0  0  0  0  0  0  0  0  0  0  0  0  0  0  0  0  0 
 0  0  0  0  0  0  0  0  0  0  1  4  7  0  0  0  0  0  0  0  0  0  0  0  0  0  0  0  0  0  0  0  0  0  0  0  0  0  0  0 
 0  0  0  0  0  0  0  0  0  0  2  5  8  0  1  4  4  4  4  4  7  0  0  0  0  0  0  0  0  0  0  0  0  0  0  0  0  0  0  0 
 0  0  0  0  0  0  0  0  0  0  2  5  8  0  2  5  5  5  5  5  8  0  0  0  0  0  0  0  0  0  0  0  0  0  0  0  0  0  0  0 
 0  0  0  0  0  0  0  0  0  0  2  5  8  0  2  5  5 20 20 20  8  0  0  0  0  0  0  0  0  0  0  0  0  0  0  0  0  0  0  0 
 0  0  0  0  0  0  0  0  0  0  3  6  9  0  2  5  5 20 20  5  8  0  0  0  0  0  0  0  0  0  0  0  0  0  0  0  0  0  0  0 
 0  0  0  0  0  0  0  0  0  0  0  0  0  0  2  5 20 20 20  5  8  0  0  0  0  0  0  0  0  0  0  0  0  0  0  0  0  0  0  0 
 0  0  0  0  0  0  0  0  0  0  0  0  0  0  2  5  5 20 20  5  8  0  0  0  0  0  0  0  0  0  0  0  0  0  0  0  0  0  0  0 
 0  0  0  0  0  0  0  0  0  0  0  0  0  0  2  5  5  5  5  5  8  0  0  0  0  0  0  0  0  0  0  0  0  0  0  0  0  0  0  0 
 0  0  0  0  0  0  0  0  0  0  0  0  0  0  2  5  5  5  5  5  8  0  0  0  0  0  0  0  0  0  0  0  0  0  0  0  0  0  0  0 
 0  0  0  0  0  0  0  0  0  0  0  0  0  0  2 20 20 20  5  5  8  0  0  0  0  0  0  0  0  0  0  0  0  0  0  0  0  0  0  0 
 0  0  0  0  0  0  0  0  0  0  0  0  0  0  2 20 20 20 20  5  8  0  0  0  0  0  0  1  4  7  0  0  0  0  0  0  0  0  0  0 
 0  0  0  0  0  0  0  0  0  0  0  0  0  0  2  5 20 20 20  5  8  0  0  0  0  0  0  2  5  8  0  0  0  0  0  0  0  0  0  0 
 0  0  0  0  0  0  0  0  0  0  0  0  0  0  2 20 20 20 20  5  8  0  0  0  0  0  0  2  5  8  0  0  0  0  0  0  0  0  0  0 
 0  0  0  0  0  0  0  0  0  0  0  0  0  0  2  5 20 20 20 20  8  0  0  0  0  0  0  2  5  8  0  0  0  0  0  0  0  0  0  0 
 0  0  0  0  0  0  0  0  0  0  0  0  0  0  2  5 20 20 20  5  8  0  0  0  0  0  0  2  5  8  0  0  0  0  0  0  0  0  0  0 
 0  0  0  0  0  0  0  0  0  0  0  0  0  0  2  5  5 20  5  5  8  0  0  0  0  0  0  2  5  8  0  0  0  0  0  0  0  0  0  0 
 0  0  0  0  0  0  0  0  0  0  0  0  0  0  3  6 26  5  5  5  8  0  0  0  0  0  0  3  6  9  0  0  0  0  0  0  0  0  0 11 
 0  0  0  0  0  0  0  0  0  0  1  4  4  7  0  0  2  5  5  5  8  0  0  0  0  0  0  0  0  0  0  0  0  0  0  0  0  0  0 12 
 0  0  0  0  0  0  0  0  0  0  2  5 20 23  7  0  2  5 20  5  8  0  0  0  0  0  0  0  0  0  0  0  0  0  0  0  0  0  0 12 
 0  0  0  0  0  0  0  0  0  0  2  5 20 20  8  0  2 20 20  5  8  0  0  0  0  0  0  0  0  0  0  0  0  0  0  0  0  0  0 12 
 0  0  0  0  0  0  0  0  0  0  2 20 20 20  8  0  2 20 20  5  8  0  0  0  0  0  0  0  0  0  0  0  0  0  0  0  0  0  0 12 
 0  0  0  0  0  0  0  0  0  0  2 20 20  5  8  0  2 20 20  5  8  0  0  0  0  0  0  0  0  0  0  0  0  0  0  0  0  0  0 13 
 0  0  0  0  0  0  0  0  0  0  2 20 20  5  8  0  2  5 20 20  8  0  0  0  0  0  0  0  0  0  0  0  0  0  0  0  0  0  0  0 
 0  0  0  0  0  0  0  0  0  0  2 20 20  5  8  0  2  5  5  5  8  0  0  0  0  0  0  0  0  0  0  0  0  0  0  0  0  0  0  0 
 0  0  0  0  0  0  0  0  0  0  2 20 20 20  8  0  2  5  5  5  8  0  0  0  0  0  0  0  0  0  0  0  0  0  0  0  0  0  0  0 
 1  4  7  0  0  0  0  0  0  0  3 22 20  5  8  0  2  5 20  5  8  0  0  0  0  0  0  0  0  0  0  0  0  0  0  0  0  0  0  0 
 2  5  8  0  0  0  0  0  0  0  0  3  6  6  9  0  2 20 20  5  8  0  0  0  0  0  0  0  0  0  0  0  0  0  0  0  0  0  0  0 
 3  6  9  0  0  0  0  0  0  0  0  0  0  0  0  0  2  5  5  5  8  0  0  0  0  0  0  0  0  0  0  0  0  0  0  0  0  0  0  0 

 0  0  0  0  0  0  0  0  0  0  0  0  0  0  0  0  0  0  0  0  0  0  0  0  0  0  0  0  0  0  0  0  0  0  0  0  0  0  0  0 
 0  0  0  0  0  0  0  0  0  0  0  0  0  0  0  0  0  0  0  0  0  0  0  0  0  0  0  0  0  0  0  0  0  0  0  0  0  0  0  0 
 0  0  0  0  0  0  0  0  0  0  0  0  0  0  0  0  0  0  0  0  0  0  0  0  0  0  0  0  0  0  0  0  0  0  0  0  0  0  0  0 
 0  0  0  0  0  0  0  0  0  0  0  0  0  0  0  0  0  0  0  0  0  0  0  0  0  0  0  0  0  0  0  0  0  0  0  0  0  0  0  0 
 0  0  0  0  0  0  0  0  0  0  0  0  0  0  0  0  0  0  0  0  0  0  0  0  0  0  0  0  0  0  0  0  0  0  0  0  0  0  0  0 
 0  0  0  0  0  0  0  0  0  0  0  0  0  0  0  0  0  0  0  0  0  0  0  0  0  0  0  0  0  0  0  0  0  0  0  0  0  0  0  0 
 0  0  0  0  0  0  0  0  0  0  0  0  0  0  0  0  0  0  0  0  0  0  0  0  0  0  0  0  0  0  0  0  0  0  0  0  0  0  0  0 
 0  0  0  0  0  0  0  0  0  0  0  0  0  0  0  0  0  0  0  0  0  0  0  0  0  0  0  0  0  0  0  0  0  0  0  0  0  0  0  0 
 0  0  0  0  0  0  0  0  0  0  0  0  0  0  0  0  0  0  0  0  0  0  0  0  0  0  0  0  0  0  0  0  0  0  0  0  0  0  0  0 
 0  0  0  0  0  0  0  0  0  0  0  0  0  0  0  0  0  0  0  0  0  0  0  0  0  0  0  0  0  0  0  0  0  0  0  0  0  0  0  0 
 0  0  0  0  0  0  0  0  0  0  0  0  0  0  0  0  0  0  0  0  0  0  0  0  0  0  0  0  0  0  0  0  0  0  0  0  0  0  0  0 
 0  0  0  0  0  0  0  0  0  0  0  0  0  0  0  0  0  0  0  0  0  0  0  0  0  0  0  0  0  0  0  0  0  0  0  0  0  0  0  0 
 0  0  0  0  0  0  0  0  0  0  0  0  0  0  0  0  0  0  0  0  0  0  0  0  0  0  0  0  0  0  0  0  0  0  0  0  0  0  0  0 
 0  0  0  0  0  0  0  0  0  0  0  0  0  0  0  0  0  0  0  0  0  0  0  0  0  0  0  0  0  0  0  0  0  0  0  0  0  0  0  0 
 0  0  0  0  0  0  0  0  0  0  0  0  0  0  0  0  0  1  4  7  0  0  0  0  0  0  0  0  0  0  0  0  0  0  0  0  0  0  0  0 
 0  0  0  0  0  0  0  0  0  0  0  0  0  0  0  0  0  2  5  8  0  0  0  0  0  0  0  0  0  0  0  0  0  0  0  0  0  0  0  0 
 0  0  0  0  0  0  0  0  0  0  0  0  0  0  0  1  4 25  5  8  0  0  0  0  0  0  0  0  0  0  0  0  0  0  0  0  0  0  0  0 
 0  0  0  0  0  0  0  0  0  0  0  0  0  0  0  2  5  5  5  8  0  0  0  0  0  0  0  0  0  0  0  0  0  0  0  0  0  0  0  0 
 0  0  0  0  0  0  0  0  0  0  0  0  0  0  0  3  6  6  6  9  0  0  0  0  0  0  0  0  0  0  0  0  0  0  0  0  0  0  0  0 
 0  0  0  0  0  0  0  0  0  0  0  0  0  0  0  0  0  0  0  0  0  0  0  0  0  0  0  0  0  0  0  0  0  0  0  0  0  0  0  0 
 0  0  0  0  0  0  0  0  0  0  0  0  0  0  0  1  4  7  0  0  0  0  0  0  0  0  0  0  0  0  0  0  0  0  0  0  0  0  0  0 
 0  0  0  0  0  0  0  0  0  0  0  0  0  0  0  2  5  8  0  0  0  0  0  0  0  0  0  0  0  0  0  0  0  0  0  0  0  0  0  0 
 0  0  0  0  0  0  0  0  0  0  0  0  0  0  0  2  5 27  4  7  0  0  0  0  0  0  0  0  0  0  0  0  0  0  0  0  0  0  0  0 
 0  0  0  0  0  0  0  0  0  0  0  0  0  0  0  2  5  5  5  8  0  0  0  0  0  0  0  0  0  0  0  0  0  0  0  0  0  0  0  0 
 0  0  0  0  0  0  0  0  0  0  0  0  0  0  0  2  5 20  5  8  0  0  0  0  0  0  0  0  0  0  0  0  0  0  0  0  0  0  0  0 
 0  0  0  0  0  0  0  0  0  0  0  0  0  0  0  2 20 20  5  8  0  0  0  0  0  0  0  0  0  0  0  0  0  0  0  0  0  0  0  0 
 0  0  0  0  0  0  0  0  0  0  0  0  0  0  0  3 22 20  5  8  0  0  0  0  0  0  0  0  0  0  0  0  0  0  0  0  0  0  0  0 
 0  0  0  0  0  0  0  0  0  0  0  0  0  0  0  0  3  6  6  9  0  0  0  0  0  0  0  0  0  0  0  0  0  0  0  0  0  0  0  0 
 0  0  0  0  0  0  0  0  0  0  0  0  0  0  0  0  0  0  0  0  0  0  0  0  0  0  0  0  0  0  0  0  0  0  0  0  0  0  0  1 
 0  0  0  0  0  0  0  0  0  0  0  0  0  0  0  0  0  0  0  0  0  0  0  0  0  0  0  0  0  0  0  0  0  0  0  0  0  0  0  2 
 0  0  0  0  0  0  0  0  0  0  0  1  4  7  0  0  0  1  4  7  0  0  0  0  0  0  0  0  0  0  0  0  0  0  0  0  0  0  0  2 
 0  0  0  0  0  0  0  0  0  0  0  2  5  8  0  0  0  2  5  8  0  0  0  0  0  0  0  0  0  0  0  0  0  0  0  0  0  0  0  2 
 0  0  0  0  0  0  0  0  0  0  0  2  5  8  0  0  0  2  5  8  0  0  0  0  0  0  0  0  0  0  0  0  0  0  0  0  0  0  0  2 
 0  0  0  0  0  0  0  0  0  0  0  2  5  8  0  0  0  2  5  8  0  0  0  0  0  0  0  0  0  0  0  0  0  0  0  0  0  0  0  3 
 0  0  0  0  0  0  0  0  0  0  0  2  5  8  0  0  0  2  5  8  0  0  0  0  0  0  0  0  0  0  0  0  0  0  0  0  0  0  0  0 
 0  0  0  0  0  0  0  0  0  0  0  2  5  8  0  0  0  3  6  9  0  0  0  0  0  0  0  0  0  0  0  0  0  0  0  0  0  0  0  0 
 0  0  0  0  0  0  0  0  0  0  0  2  5  8  0  0  0  0  0  0  0  0  0  0  0  0  0  0  0  0  0  0  0  0  0  0  0  0  0  0 
 0  0  0  0  0  0  0  0  0  0  0  3  6  9  0  0  0  1  4  7  0  0  0  0  0  0  0  0  0  0  0  0  0  0  0  0  0  0  0  0 
 0  0  0  0  0  0  0  0  0  0  0  0  0  0  0  0  0  2  5  8  0  0  0  0  0  0  0  0  0  0  0  0  0  0  0  0  0  0  0  0 
 0  0  0  0  0  0  0  0  0  0  0  0  0  0  0  0  0  3  6  9  0  0  0  0  0  0  0  0  0  0  0  0  0  0  0  0  0  0  0  0 

 0  0  0  0  0  0  0  0  0  0  0  0  0  0  0  0  0  0  0  0  0  0  0  0  0  0  0  0  0  0  0  0  0  0  0  0  0  0  0  0 
 0  0  0  0  0  0  0  0  0  0  0  0  0  0  0  0  0  0  0  0  0  0  0  0  0  0  0  0  0  0  0  0  0  0  0  0  0  0  0  0 
 0  0  0  0  0  0  0  0  0  0  0  0  0  0  0  0  0  0  0  0  0  0  0  0  0  0  0  0  0  0  0  0  0  0  0  0  0  0  0  0 
 0  0  0  0  0  0  0  0  0  0  0  0  0  0  0  0  0  0  0  0  0  0  0  0  0  0  0  0  0  0  0  0  0  0  0  0  0  0  0  0 
 0  0  0  0  0  0  0  0  0  0  0  0  0  0  0  0  0  0  0  0  0  0  0  0  0  0  0  0  0  0  0  0  0  0  0  0  0  0  0  0 
 0  0  0  0  0  0  0  0  0  0  0  0  0  0  0  0  0  0  0  0  0  0  0  0  0  0  0  0  0  0  0  0  0  0  0  0  0  0  0  0 
 0  0  0  0  0  0  0  0  0  0  0  0  0  0  0  0  0  0  0  0  0  0  0  0  0  0  0  0  0  0  0  0  0  0  0  0  0  0  0  0 
 0  0  0  0  0  0  0  0  0  0  0  0  0  0  0  0  0  0  0  0  0  0  0  0  0  0  0  0  0  0  0  0  0  0  0  0  0  0  0  0 
 0  0  0  0  0  0  0  0  0  0  0  0  0  0  0  0  0  0  0  0  0  0  0  0  0  0  0  0  0  0  0  0  0  0  0  0  0  0  0  0 
 0  0  0  0  0  0  0  0  0  0  0  0  0  0  0  0  0  0  0  0  0  0  0  0  0  0  0  0  0  0  0  0  0  0  0  0  0  0  0  0 
 0  0  0  0  0  0  0  0  0  0  0  0  0  0  0  0  0  0  0  0  0  0  0  0  0  0  0  0  0  0  0  0  0  0  0  0  0  0  0  0 
 0  0  0  0  0  0  0  0  0  0  0  0  0  0  0  0  0  0  0  0  0  0  0  0  0  0  0  0  0  0  0  0  0  0  0  0  0  0  0  0 
 0  0  0  0  0  0  0  0  0  0  0  0  0  0  0  0  0  0  0  0  0  0  0  0  0  0  0  0  0  0  0  0  0  0  0  0  0  0  0  0 
 0  0  0  0  0  0  0  0  0  0  0  0  0  0  0  0  0  0  0  0  0  0  0  0  0  0  0  0  0  0  0  0  0  0  0  0  0  0  0  0 
 0  0  0  0  0  0  0  0  0  0  0  0  0  0  0  0  0  0  0  0  0  0  0  0  0  0  0  0  0  0  0  0  0  0  0  0  0  0  0  0 
 0  0  0  0  0  0  0  0  0  0  0  0  0  0  0  0  0  0  0  0  0  0  0  0  0  0  0  0  0  0  0  0  0  0  0  0  0  0  0  0 
 0  0  0  0  0  0  0  0  0  0  0  0  0  0  0  0  0  0  0  0  0  0  0  0  0  0  0  0  0  0  0  0  0  0  0  0  0  0  0  0 
 0  0  0  0  0  0  0  0  0  0  0  0  0  0  0  0  0  0  0  0  0  0  0  0  0  0  0  0  0  0  0  0  0  0  0  0  0  0  0  0 
 0  0  0  0  0  0  0  0  0  0  0  0  0  0  0  0  0  0  0  0  0  0  0  0  0  0  0  0  0  0  0  0  0  0  0  0  0  0  0  0 
 0  0  0  0  0  0  0  0  0  0  0  0  0  0  0  0  0  0  0  0  0  0  0  0  0  0  0  0  0  0  0  0  0  0  0  0  0  0  0  0 
 0  0  0  0  0  0  0  0  0  0  0  0  0  0  0  0  0  0  0  0  0  0  0  0  0  0  0  0  0  0  0  0  0  0  0  0  0  0  0  0 
 0  0  0  0  0  0  0  0  0  0  0  0  0  0  0  0  0  0  0  0  0  0  0  0  0  0  0  0  0  0  0  0  0  0  0  0  0  0  0  0 
 0  0  0  0  0  0  0  0  0  0  0  0  0  0  0  0  0  0  0  0  0  0  0  0  0  0  0  0  0  0  0  0  0  0  0  0  0  0  0  0 
 0  0  0  0  0  0  0  0  0  0  0  0  0  0  0  0  1  4  7  0  0  0  0  0  0  0  0  0  0  0  0  0  0  0  0  0  0  0  0  0 
 0  0  0  0  0  0  0  0  0  0  0  0  0  0  0  0  2  5  8  0  0  0  0  0  0  0  0  0  0  0  0  0  0  0  0  0  0  0  0  0 
 0  0  0  0  0  0  0  0  0  0  0  0  0  0  0  0  2  5  8  0  0  0  0  0  0  0  0  0  0  0  0  0  0  0  0  0  0  0  0  0 
 0  0  0  0  0  0  0  0  0  0  0  0  0  0  0  0  3  6  9  0  0  0  0  0  0  0  0  0  0  0  0  0  0  0  0  0  0  0  0  0 
 0  0  0  0  0  0  0  0  0  0  0  0  0  0  0  0  0  0  0  0  0  0  0  0  0  0  0  0  0  0  0  0  0  0  0  0  0  0  0  0 
 0  0  0  0  0  0  0  0  0  0  0  0  0  0  0  0  0  0  0  0  0  0  0  0  0  0  0  0  0  0  0  0  0  0  0  0  0  0  0  0 
 0  0  0  0  0  0  0  0  0  0  0  0  0  0  0  0  0  0  0  0  0  0  0  0  0  0  0  0  0  0  0  0  0  0  0  0  0  0  0  0 
 0  0  0  0  0  0  0  0  0  0  0  0  0  0  0  0  0  0  0  0  0  0  0  0  0  0  0  0  0  0  0  0  0  0  0  0  0  0  0  0 
 0  0  0  0  0  0  0  0  0  0  0  0  0  0  0  0  0  0  0  0  0  0  0  0  0  0  0  0  0  0  0  0  0  0  0  0  0  0  0  0 
 0  0  0  0  0  0  0  0  0  0  0  0  0  0  0  0  0  0  0  0  0  0  0  0  0  0  0  0  0  0  0  0  0  0  0  0  0  0  0  0 
 0  0  0  0  0  0  0  0  0  0  0  0  0  0  0  0  0  0  0  0  0  0  0  0  0  0  0  0  0  0  0  0  0  0  0  0  0  0  0  0 
 0  0  0  0  0  0  0  0  0  0  0  0  0  0  0  0  0  0  0  0  0  0  0  0  0  0  0  0  0  0  0  0  0  0  0  0  0  0  0  0 
 0  0  0  0  0  0  0  0  0  0  0  0  0  0  0  0  0  0  0  0  0  0  0  0  0  0  0  0  0  0  0  0  0  0  0  0  0  0  0  0 
 0  0  0  0  0  0  0  0  0  0  0  0  0  0  0  0  0  0  0  0  0  0  0  0  0  0  0  0  0  0  0  0  0  0  0  0  0  0  0  0 
 0  0  0  0  0  0  0  0  0  0  0  0  0  0  0  0  0  0  0  0  0  0  0  0  0  0  0  0  0  0  0  0  0  0  0  0  0  0  0  0 
 0  0  0  0  0  0  0  0  0  0  0  0  0  0  0  0  0  0  0  0  0  0  0  0  0  0  0  0  0  0  0  0  0  0  0  0  0  0  0  0 
 0  0  0  0  0  0  0  0  0  0  0  0  0  0  0  0  0  0  0  0  0  0  0  0  0  0  0  0  0  0  0  0  0  0  0  0  0  0  0  0 

 0  0  0  0  0  0  0  0  0  0  0  0  0  0  0  0  0  0  0  0  0  0  0  0  0  0  0  0  0  0  0  0  0  0  0  0  0  0  0  0 
 0  0  0  0  0  0  0  0  0  0  0  0  0  0  0  0  0  0  0  0  0  0  0  0  0  0  0  0  0  0  0  0  0  0  0  0  0  0  0  0 
 0  0  0  0  0  0  0  0  0  0  0  0  0  0  0  0  0  0  0  0  0  0  0  0  0  0  0  0  0  0  0  0  0  0  0  0  0  0  0  0 
 0  0  0  0  0  0  0  0  0  0  0  0  0  0  0  0  0  0  0  0  0  0  0  0  0  0  0  0  0  0  0  0  0  0  0  0  0  0  0  0 
 0  0  0  0  0  0  0  0  0  0  0  0  0  0  0  0  0  0  0  0  0  0  0  0  0  0  0  0  0  0  0  0  0  0  0  0  0  0  0  0 
 0  0  0  0  0  0  0  0  0  0  0  0  0  0  0  0  0  0  0  0  0  0  0  0  0  0  0  0  0  0  0  0  0  0  0  0  0  0  0  0 
 0  0  0  0  0  0  0  0  0  0  0  0  0  0  0  0  0  0  0  0  0  0  0  0  0  0  0  0  0  0  0  0  0  0  0  0  0  0  0  0 
 0  0  0  0  0  0  0  0  0  0  0  0  0  0  0  0  0  0  0  0  0  0  0  0  0  0  0  0  0  0  0  0  0  0  0  0  0  0  0  0 
 0  0  0  0  0  0  0  0  0  0  0  0  0  0  0  0  0  0  0  0  0  0  0  0  0  0  0  0  0  0  0  0  0  0  0  0  0  0  0  0 
 0  0  0  0  0  0  0  0  0  0  0  0  0  0  0  0  0  0  0  0  0  0  0  0  0  0  0  0  0  0  0  0  0  0  0  0  0  0  0  0 
 0  0  0  0  0  0  0  0  0  0  0  0  0  0  0  0  0  0  0  0  0  0  0  0  0  0  0  0  0  0  0  0  0  0  0  0  0  0  0  0 
 0  0  0  0  0  0  0  0  0  0  0  0  0  0  0  0  0  0  0  0  0  0  0  0  0  0  0  0  0  0  0  0  0  0  0  0  0  0  0  0 
 0  0  0  0  0  0  0  0  0  0  0  0  0  0  0  0  0  0  0  0  0  0  0  0  0  0  0  0  0  0  0  0  0  0  0  0  0  0  0  0 
 0  0  0  0  0  0  0  0  0  0  0  0  0  0  0  0  0  0  0  0  0  0  0  0  0  0  0  0  0  0  0  0  0  0  0  0  0  0  0  0 
 0  0  0  0  0  0  0  0  0  0  0  0  0  0  0  0  0  0  0  0  0  0  0  0  0  0  0  0  0  0  0  0  0  0  0  0  0  0  0  0 
 0  0  0  0  0  0  0  0  0  0  0  0  0  0  0  0  0  0  0  0  0  0  0  0  0  0  0  0  0  0  0  0  0  0  0  0  0  0  0  0 
 0  0  0  0  0  0  0  0  0  0  0  0  0  0  0  0  0  0  0  0  0  0  0  0  0  0  0  0  0  0  0  0  0  0  0  0  0  0  0  0 
 0  0  0  0  0  0  0  0  0  0  0  0  0  0  0  0  0  0  0  0  0  0  0  0  0  0  0  0  0  0  0  0  0  0  0  0  0  0  0  0 
 0  0  0  0  0  0  0  0  0  0  0  0  0  0  0  0  0  0  0  0  0  0  0  0  0  0  0  0  0  0  0  0  0  0  0  0  0  0  0  0 
 0  0  0  0  0  0  0  0  0  0  0  0  0  0  0  0  0  0  0  0  0  0  0  0  0  0  0  0  0  0  0  0  0  0  0  0  0  0  0  0 
 0  0  0  0  0  0  0  0  0  0  0  0  0  0  0  0  0  0  0  0  0  0  0  0  0  0  0  0  0  0  0  0  0  0  0  0  0  0  0  0 
 0  0  0  0  0  0  0  0  0  0  0  0  0  0  0  0  0  0  0  0  0  0  0  0  0  0  0  0  0  0  0  0  0  0  0  0  0  0  0  0 
 0  0  0  0  0  0  0  0  0  0  0  0  0  0  0  0  0  0  0  0  0  0  0  0  0  0  0  0  0  0  0  0  0  0  0  0  0  0  0  0 
 0  0  0  0  0  0  0  0  0  0  0  0  0  0  0  0  0  0  0  0  0  0  0  0  0  0  0  0  0  0  0  0  0  0  0  0  0  0  0  0 
 0  0  0  0  0  0  0  0  0  0  0  0  0  0  0  0  0  0  0  0  0  0  0  0  0  0  0  0  0  0  0  0  0  0  0  0  0  0  0  0 
 0  0  0  0  0  0  0  0  0  0  0  0  0  0  0  0  0  0  0  0  0  0  0  0  0  0  0  0  0  0  0  0  0  0  0  0  0  0  0  0 
 0  0  0  0  0  0  0  0  0  0  0  0  0  0  0  0  0  0  0  0  0  0  0  0  0  0  0  0  0  0  0  0  0  0  0  0  0  0  0  0 
 0  0  0  0  0  0  0  0  0  0  0  0  0  0  0  0  0  0  0  0  0  0  0  0  0  0  0  0  0  0  0  0  0  0  0  0  0  0  0  0 
 0  0  0  0  0  0  0  0  0  0  0  0  0  0  0  0  0  0  0  0  0  0  0  0  0  0  0  0  0  0  0  0  0  0  0  0  0  0  0  0 
 0  0  0  0  0  0  0  0  0  0  0  0  0  0  0  0  0  0  0  0  0  0  0  0  0  0  0  0  0  0  0  0  0  0  0  0  0  0  0  0 
 0  0  0  0  0  0  0  0  0  0  0  0  0  0  0  0  0  0  0  0  0  0  0  0  0  0  0  0  0  0  0  0  0  0  0  0  0  0  0  0 
 0  0  0  0  0  0  0  0  0  0  0  0  0  0  0  0  0  0  0  0  0  0  0  0  0  0  0  0  0  0  0  0  0  0  0  0  0  0  0  0 
 0  0  0  0  0  0  0  0  0  0  0  0  0  0  0  0  0  0  0  0  0  0  0  0  0  0  0  0  0  0  0  0  0  0  0  0  0  0  0  0 
 0  0  0  0  0  0  0  0  0  0  0  0  0  0  0  0  0  0  0  0  0  0  0  0  0  0  0  0  0  0  0  0  0  0  0  0  0  0  0  0 
 0  0  0  0  0  0  0  0  0  0  0  0  0  0  0  0  0  0  0  0  0  0  0  0  0  0  0  0  0  0  0  0  0  0  0  0  0  0  0  0 
 0  0  0  0  0  0  0  0  0  0  0  0  0  0  0  0  0  0  0  0  0  0  0  0  0  0  0  0  0  0  0  0  0  0  0  0  0  0  0  0 
 0  0  0  0  0  0  0  0  0  0  0  0  0  0  0  0  0  0  0  0  0  0  0  0  0  0  0  0  0  0  0  0  0  0  0  0  0  0  0  0 
 0  0  0  0  0  0  0  0  0  0  0  0  0  0  0  0  0  0  0  0  0  0  0  0  0  0  0  0  0  0  0  0  0  0  0  0  0  0  0  0 
 0  0  0  0  0  0  0  0  0  0  0  0  0  0  0  0  0  0  0  0  0  0  0  0  0  0  0  0  0  0  0  0  0  0  0  0  0  0  0  0 
 0  0  0  0  0  0  0  0  0  0  0  0  0  0  0  0  0  0  0  0  0  0  0  0  0  0  0  0  0  0  0  0  0  0  0  0  0  0  0  0 

 0  0  0  0  0  0  0  0  0  0  0  0  0  0  0  0  0  0  0  0  0  0  0  0  0  0  0  0  0  0  0  0  0  0  0  0  0  0  0  0 
 0  0  0  0  0  0  0  0  0  0  0  0  0  0  0  0  0  0  0  0  0  0  0  0  0  0  0  0  0  0  0  0  0  0  0  0  0  0  0  0 
 0  0  0  0  0  0  0  0  0  0  0  0  0  0  0  0  0  0  0  0  0  0  0  0  0  0  0  0  0  0  0  0  0  0  0  0  0  0  0  0 
 0  0  0  0  0  0  0  0  0  0  0  0  0  0  0  0  0  0  0  0  0  0  0  0  0  0  0  0  0  0  0  0  0  0  0  0  0  0  0  0 
 0  0  0  0  0  0  0  0  0  0  0  0  0  0  0  0  0  0  0  0  0  0  0  0  0  0  0  0  0  0  0  0  0  0  0  0  0  0  0  0 
 0  0  0  0  0  0  0  0  0  0  0  0  0  0  0  0  0  0  0  0  0  0  0  0  0  0  0  0  0  0  0  0  0  0  0  0  0  0  0  0 
 0  0  0  0  0  0  0  0  0  0  0  0  0  0  0  0  0  0  0  0  0  0  0  0  0  0  0  0  0  0  0  0  0  0  0  0  0  0  0  0 
 0  0  0  0  0  0  0  0  0  0  0  0  0  0  0  0  0  0  0  0  0  0  0  0  0  0  0  0  0  0  0  0  0  0  0  0  0  0  0  0 
 0  0  0  0  0  0  0  0  0  0  0  0  0  0  0  0  0  0  0  0  0  0  0  0  0  0  0  0  0  0  0  0  0  0  0  0  0  0  0  0 
 0  0  0  0  0  0  0  0  0  0  0  0  0  0  0  0  0  0  0  0  0  0  0  0  0  0  0  0  0  0  0  0  0  0  0  0  0  0  0  0 
 0  0  0  0  0  0  0  0  0  0  0  0  0  0  0  0  0  0  0  0  0  0  0  0  0  0  0  0  0  0  0  0  0  0  0  0  0  0  0  0 
 0  0  0  0  0  0  0  0  0  0  0  0  0  0  0  0  0  0  0  0  0  0  0  0  0  0  0  0  0  0  0  0  0  0  0  0  0  0  0  0 
 0  0  0  0  0  0  0  0  0  0  0  0  0  0  0  0  0  0  0  0  0  0  0  0  0  0  0  0  0  0  0  0  0  0  0  0  0  0  0  0 
 0  0  0  0  0  0  0  0  0  0  0  0  0  0  0  0  0  0  0  0  0  0  0  0  0  0  0  0  0  0  0  0  0  0  0  0  0  0  0  0 
 0  0  0  0  0  0  0  0  0  0  0  0  0  0  0  0  0  0  0  0  0  0  0  0  0  0  0  0  0  0  0  0  0  0  0  0  0  0  0  0 
 0  0  0  0  0  0  0  0  0  0  0  0  0  0  0  0  0  0  0  0  0  0  0  0  0  0  0  0  0  0  0  0  0  0  0  0  0  0  0  0 
 0  0  0  0  0  0  0  0  0  0  0  0  0  0  0  0  0  0  0  0  0  0  0  0  0  0  0  0  0  0  0  0  0  0  0  0  0  0  0  0 
 0  0  0  0  0  0  0  0  0  0  0  0  0  0  0  0  0  0  0  0  0  0  0  0  0  0  0  0  0  0  0  0  0  0  0  0  0  0  0  0 
 0  0  0  0  0  0  0  0  0  0  0  0  0  0  0  0  0  0  0  0  0  0  0  0  0  0  0  0  0  0  0  0  0  0  0  0  0  0  0  0 
 0  0  0  0  0  0  0  0  0  0  0  0  0  0  0  0  0  0  0  0  0  0  0  0  0  0  0  0  0  0  0  0  0  0  0  0  0  0  0  0 
 0  0  0  0  0  0  0  0  0  0  0  0  0  0  0  0  0  0  0  0  0  0  0  0  0  0  0  0  0  0  0  0  0  0  0  0  0  0  0  0 
 0  0  0  0  0  0  0  0  0  0  0  0  0  0  0  0  0  0  0  0  0  0  0  0  0  0  0  0  0  0  0  0  0  0  0  0  0  0  0  0 
 0  0  0  0  0  0  0  0  0  0  0  0  0  0  0  0  0  0  0  0  0  0  0  0  0  0  0  0  0  0  0  0  0  0  0  0  0  0  0  0 
 0  0  0  0  0  0  0  0  0  0  0  0  0  0  0  0  0  0  0  0  0  0  0  0  0  0  0  0  0  0  0  0  0  0  0  0  0  0  0  0 
 0  0  0  0  0  0  0  0  0  0  0  0  0  0  0  0  0  0  0  0  0  0  0  0  0  0  0  0  0  0  0  0  0  0  0  0  0  0  0  0 
 0  0  0  0  0  0  0  0  0  0  0  0  0  0  0  0  0  0  0  0  0  0  0  0  0  0  0  0  0  0  0  0  0  0  0  0  0  0  0  0 
 0  0  0  0  0  0  0  0  0  0  0  0  0  0  0  0  0  0  0  0  0  0  0  0  0  0  0  0  0  0  0  0  0  0  0  0  0  0  0  0 
 0  0  0  0  0  0  0  0  0  0  0  0  0  0  0  0  0  0  0  0  0  0  0  0  0  0  0  0  0  0  0  0  0  0  0  0  0  0  0  0 
 0  0  0  0  0  0  0  0  0  0  0  0  0  0  0  0  0  0  0  0  0  0  0  0  0  0  0  0  0  0  0  0  0  0  0  0  0  0  0  0 
 0  0  0  0  0  0  0  0  0  0  0  0  0  0  0  0  0  0  0  0  0  0  0  0  0  0  0  0  0  0  0  0  0  0  0  0  0  0  0  0 
 0  0  0  0  0  0  0  0  0  0  0  0  0  0  0  0  0  0  0  0  0  0  0  0  0  0  0  0  0  0  0  0  0  0  0  0  0  0  0  0 
 0  0  0  0  0  0  0  0  0  0  0  0  0  0  0  0  0  0  0  0  0  0  0  0  0  0  0  0  0  0  0  0  0  0  0  0  0  0  0  0 
 0  0  0  0  0  0  0  0  0  0  0  0  0  0  0  0  0  0  0  0  0  0  0  0  0  0  0  0  0  0  0  0  0  0  0  0  0  0  0  0 
 0  0  0  0  0  0  0  0  0  0  0  0  0  0  0  0  0  0  0  0  0  0  0  0  0  0  0  0  0  0  0  0  0  0  0  0  0  0  0  0 
 0  0  0  0  0  0  0  0  0  0  0  0  0  0  0  0  0  0  0  0  0  0  0  0  0  0  0  0  0  0  0  0  0  0  0  0  0  0  0  0 
 0  0  0  0  0  0  0  0  0  0  0  0  0  0  0  0  0  0  0  0  0  0  0  0  0  0  0  0  0  0  0  0  0  0  0  0  0  0  0  0 
 0  0  0  0  0  0  0  0  0  0  0  0  0  0  0  0  0  0  0  0  0  0  0  0  0  0  0  0  0  0  0  0  0  0  0  0  0  0  0  0 
 0  0  0  0  0  0  0  0  0  0  0  0  0  0  0  0  0  0  0  0  0  0  0  0  0  0  0  0  0  0  0  0  0  0  0  0  0  0  0  0 
 0  0  0  0  0  0  0  0  0  0  0  0  0  0  0  0  0  0  0  0  0  0  0  0  0  0  0  0  0  0  0  0  0  0  0  0  0  0  0  0 
 0  0  0  0  0  0  0  0  0  0  0  0  0  0  0  0  0  0  0  0  0  0  0  0  0  0  0  0  0  0  0  0  0  0  0  0  0  0  0  0 

<Objects>
3D Studio Scenes\mountain.max
1
$ground1
$tree1
#
2
$ground2
$tree2
#
3
$ground3
$tree3
#
4
$ground4
$tree4
#
5
$flat
$tree
#
6
$ground6
$tree6
#
7
$ground7
$tree7
#
8
$ground8
$tree8
#
9
$ground9
$tree9
#
10
$underground
#
11
$cliff1
#
12
$cliff2
#
13
$cliff3
#
14
$cliff4
#
15
$cliff5
#
16
$cliff6
#
17
$cliff7
#
18
$cliff8
#
19
$cliff9
#
20
$underground
#
21
$diagonal1
$tree11
#
22
$diagonal3
$tree13
#
23
$diagonal7
$tree17
#
24
$diagonal9
$tree19
#
25
$diagonal1
$triangle1
$tree11
#
26
$diagonal3
$triangle3
$tree13
#
27
$diagonal7
$triangle7
$tree17
#
28
$diagonal9
$triangle9
$tree19
#
29
$flat
#
30
$water
#
31
$shore1
$trees1
$water
#
32
$shore2
$trees2
$water
#
33
$shore3
$trees3
$water
#
34
$shore4
$trees4
$water
#
35
$shore5
$trees5
$water
#
36
$shore6
$trees6
$water
#
37
$shore7
$trees7
$water
#
38
$shore8
$trees8
$water
#
39
$shore9
$trees9
$water
#
40
$s1
$water
#
41
$s3
$water
#
42
$s7
$water
#
43
$s9
$water
#